0 1 12.4688720703125 35.038212916771066 117.578857421875 0.51611328125 0 0
10 1.5 0.6901529947916667 0.2998364011301177 117.578857421875 0.509033203125 12.4688720703125 10
20 0.9 1.0518120659722223 0.7438731790345724 117.578857421875 0.509033203125 5.401640625 25
30 1.1 0.6455522017045454 0.06063387424027364 117.578857421875 0.509033203125 4.250215418198529 34
40 1.3 0.6312161959134616 0.06597453609339643 117.578857421875 0.5009765625 3.3690755208333334 45
50 0.2 0.631591796875 0.0205078125 117.578857421875 0.5009765625 2.7554173962823274 58
60 1.3 0.6533578725961539 0.08355416245124074 117.578857421875 0.5009765625 2.684623209635417 60
70 2.8 0.7606026785714286 0.38433168007959234 117.578857421875 0.4970703125 2.3228910263270546 73
80 2.2 0.8849875710227273 0.3957012138405509 117.578857421875 0.4970703125 1.8897813853650987 101
90 1.4 0.864990234375 0.3840685221816148 117.578857421875 0.4970703125 1.7100621665396338 123
100 2.5 1.400439453125 1.1453701801009213 117.578857421875 0.4970703125 1.623704450843978 137
110 1.8 0.8080376519097222 0.20020839254441833 117.578857421875 0.4970703125 1.5892499758873457 162
120 2.5 0.9833105468750002 0.47415324017243166 117.578857421875 0.4970703125 1.5111287434895833 180
130 4.1 0.6130490186737805 0.17345336384870505 117.578857421875 0.4970703125 1.4467606707317073 205
140 3.3 0.6659268465909091 0.21642146467112142 117.578857421875 0.4970703125 1.3078087287220528 246
150 6.6 1.0160873875473488 0.6594111709841641 117.578857421875 0.491943359375 1.23188721578181 279
160 7 0.8469377790178569 0.7018460681467806 117.578857421875 0.467041015625 1.1906037703804349 345
170 8.2 1.156202362804878 0.8812725769967484 117.578857421875 0.467041015625 1.1326360128012047 415
180 14.1 0.9152329898049646 0.8680896788575571 117.578857421875 0.467041015625 1.1365242234657948 497
190 16.5 0.9716545336174243 0.9443395350783694 117.578857421875 0.467041015625 1.0876181671238245 638
200 17.6 1.170392123135654 0.9284592974925341 117.578857421875 0.467041015625 1.0637900232526463 803
210 3.2 1.2582931518554688 1.1115375942943035 117.578857421875 0.467041015625 1.082954445703524 979
220 2.7 0.9245424623842593 0.7545210035941966 117.578857421875 0.467041015625 1.0885042366005193 1011
230 2.4 1.0629475911458333 0.5198407346847393 117.578857421875 0.467041015625 1.0842393349590558 1038
240 0 0 0 117.578857421875 0.467041015625 1.0837581656073447 1062
245 0 0 0 117.578857421875 0.467041015625 1.0837581656073447 1062
