0 0.1 4.66318583811214 0 4.66318583811214 4.66318583811214 0 0
10 0.1 2.455795677799607 0.0 4.66318583811214 2.455795677799607 4.66318583811214 1
20 0.1 1.4822134387351777 0.0 4.66318583811214 1.4822134387351777 3.5594907579558734 2
30 0.1 1.279527559055118 0.0 4.66318583811214 1.279527559055118 2.867064984882308 3
40 0.1 1.3820335636722607 0.0 4.66318583811214 1.279527559055118 2.470180628425511 4
50 0.1 1.383399209486166 0.0 4.66318583811214 1.279527559055118 2.2525512154748606 5
60 0.1 1.183431952662722 0.0 4.66318583811214 1.183431952662722 2.107692547810078 6
70 0.1 1.2871287128712872 0.0 4.66318583811214 1.183431952662722 1.975655319931884 7
80 0.1 1.7647058823529411 0.0 4.66318583811214 1.183431952662722 1.8895894940493094 8
90 0.1 1.7578125 0.0 4.66318583811214 1.183431952662722 1.8757135371941576 9
100 0.1 1.7526777020447908 0.0 4.66318583811214 1.183431952662722 1.8639234334747417 10
110 0.1 1.921229586935639 0.0 4.66318583811214 1.183431952662722 1.853810185162928 11
120 0.1 1.87192118226601 0.0 4.66318583811214 1.183431952662722 1.8594284686439873 12
130 0.1 1.8664047151277015 0.0 4.66318583811214 1.183431952662722 1.8603894466149122 13
140 0.1 1.8774703557312251 0.0 4.66318583811214 1.183431952662722 1.86081910865154 14
150 0.1 2.263779527559055 0.0 4.66318583811214 1.183431952662722 1.8619291917901857 15
160 0.1 2.9750479846449136 0.0 4.66318583811214 1.183431952662722 1.88704483777574 16
170 0.1 3.2416502946954813 0.0 4.66318583811214 1.183431952662722 1.9510450228856915 17
180 0.1 3.6156041864890582 0.0 4.66318583811214 1.183431952662722 2.022745315764013 18
190 0.1 4.855275443510738 0.0 4.855275443510738 1.183431952662722 2.1065799931705946 19
200 0.1 6.83111954459203 0.0 6.83111954459203 1.183431952662722 2.2440147656876013 20
210 0.1 5.671902268760907 0.0 6.83111954459203 1.183431952662722 2.462448326587812 21
220 0.1 3.5611164581328203 0.0 6.83111954459203 1.183431952662722 2.6083325966865893 22
230 0.1 1.9455252918287937 0.0 6.83111954459203 1.183431952662722 2.6497579819668604 23
240 0.1 2.0368574199806013 0.0 6.83111954459203 1.183431952662722 2.6204149532111076 24
245 0.1 1.0826771653543308 0.0 6.83111954459203 1.0826771653543308 2.5970726518818874 25
