0 0.1 3167.20703125 0 3167.20703125 3167.20703125 0 0
10 0.1 3165.22265625 0.0 3167.20703125 3165.22265625 3167.20703125 1
20 0.1 3163.0703125 0.0 3167.20703125 3163.0703125 3166.21484375 2
30 0.1 3163.19921875 0.0 3167.20703125 3163.0703125 3165.1666666666665 3
40 0.1 3163.94921875 0.0 3167.20703125 3163.0703125 3164.6748046875 4
50 0.1 3163.21875 0.0 3167.20703125 3163.0703125 3164.5296875 5
60 0.1 3162.984375 0.0 3167.20703125 3162.984375 3164.3111979166665 6
70 0.1 3162.87109375 0.0 3167.20703125 3162.87109375 3164.121651785714 7
80 0.1 3159.12890625 0.0 3167.20703125 3159.12890625 3163.96533203125 8
90 0.1 3157.44140625 0.0 3167.20703125 3157.44140625 3163.4279513888887 9
100 0.1 3159.50390625 0.0 3167.20703125 3157.44140625 3162.829296875 10
110 0.1 3157.58203125 0.0 3167.20703125 3157.44140625 3162.5269886363635 11
120 0.1 3160.01171875 0.0 3167.20703125 3157.44140625 3162.1149088541665 12
130 0.1 3156.0234375 0.0 3167.20703125 3156.0234375 3161.953125 13
140 0.1 3154.578125 0.0 3167.20703125 3154.578125 3161.5295758928573 14
150 0.1 3152.7734375 0.0 3167.20703125 3152.7734375 3161.0661458333334 15
160 0.1 3143.46484375 0.0 3167.20703125 3143.46484375 3160.5478515625 16
170 0.1 3141.859375 0.0 3167.20703125 3141.859375 3159.54296875 17
180 0.1 3134.33984375 0.0 3167.20703125 3134.33984375 3158.560546875 18
190 0.1 3122.07421875 0.0 3167.20703125 3122.07421875 3157.285773026316 19
200 0.1 3107.6796875 0.0 3167.20703125 3107.6796875 3155.5251953125 20
210 0.1 3090.60546875 0.0 3167.20703125 3090.60546875 3153.2468377976193 21
220 0.1 3100.87109375 0.0 3167.20703125 3090.60546875 3150.399502840909 22
230 0.1 3116.62109375 0.0 3167.20703125 3090.60546875 3148.24609375 23
240 0.1 3128.73828125 0.0 3167.20703125 3090.60546875 3146.9283854166665 24
245 0.1 3129.296875 0.0 3167.20703125 3090.60546875 3146.20078125 25
