0 0.1 0.0 0 0.0 0.0 0 0
10 0.1 0.078125 0.0 0.078125 0.0 0.0 1
20 0.1 0.05859375 0.0 0.078125 0.0 0.0390625 2
30 0.1 0.05078125 0.0 0.078125 0.0 0.045572916666666664 3
40 0.1 0.05078125 0.0 0.078125 0.0 0.046875 4
50 0.1 0.0390625 0.0 0.078125 0.0 0.04765625 5
60 0.1 0.03125 0.0 0.078125 0.0 0.046223958333333336 6
70 0.1 0.03125 0.0 0.078125 0.0 0.04408482142857143 7
80 0.1 0.01953125 0.0 0.078125 0.0 0.04248046875 8
90 0.1 0.01953125 0.0 0.078125 0.0 0.03993055555555555 9
100 0.1 0.01953125 0.0 0.078125 0.0 0.037890625 10
110 0.1 0.08984375 0.0 0.08984375 0.0 0.03622159090909091 11
120 0.1 0.078125 0.0 0.08984375 0.0 0.040690104166666664 12
130 0.1 0.0703125 0.0 0.08984375 0.0 0.043569711538461536 13
140 0.1 0.05859375 0.0 0.08984375 0.0 0.04547991071428571 14
150 0.1 0.05078125 0.0 0.08984375 0.0 0.04635416666666667 15
160 0.1 0.0390625 0.0 0.08984375 0.0 0.046630859375 16
170 0.1 0.109375 0.0 0.109375 0.0 0.046185661764705885 17
180 0.1 0.08984375 0.0 0.109375 0.0 0.04969618055555555 18
190 0.1 0.078125 0.0 0.109375 0.0 0.05180921052631579 19
200 0.1 0.05859375 0.0 0.109375 0.0 0.053125 20
210 0.1 0.05078125 0.0 0.109375 0.0 0.053385416666666664 21
220 0.1 0.05078125 0.0 0.109375 0.0 0.053267045454545456 22
230 0.1 0.0390625 0.0 0.109375 0.0 0.053158967391304345 23
240 0.1 0.03125 0.0 0.109375 0.0 0.052571614583333336 24
245 0.1 0.03125 0.0 0.109375 0.0 0.05171875 25
