0 3.3 120.40391216856061 135.9393858227858 455.6611328125 9.81396484375 0 0
10 6.1 51.884913710297134 82.10167386463766 511.430908203125 7.14892578125 120.40391216856061 33
20 6.5 66.91651893028846 95.19881718648459 547.285888671875 6.22998046875 75.9394557222407 94
30 5.1 93.72660079656863 146.12121160677805 547.285888671875 6.22998046875 72.25083376326651 159
40 6.3 52.573993985615076 85.22526543769095 547.285888671875 6.22998046875 77.46637718563989 210
50 3.7 119.69267314189189 164.32713951726737 640.08984375 6.22998046875 71.72198106255723 273
60 3.9 83.08918018830128 116.18349587947309 640.08984375 6.22998046875 77.44751527847782 310
70 9.5 52.140835731907885 78.66226292987237 640.08984375 6.22998046875 78.07795920822886 349
80 12.3 101.09426011496446 144.6271039982371 695.43212890625 6.22998046875 72.52834945541244 444
90 8.7 62.550306999820414 94.13213077208583 695.43212890625 6.22998046875 78.72518721753748 567
100 12.7 75.1489277036171 112.33943493034747 695.43212890625 6.22998046875 76.57348296839163 654
110 9.8 75.34603944116711 111.7060805426309 695.43212890625 6.22998046875 76.34183313660371 781
120 10 73.63731689453127 117.78451452996379 695.43212890625 6.22998046875 76.23081176896686 879
130 17.5 58.20708705357143 86.35025638127402 695.43212890625 6.22998046875 75.96589911580695 979
140 16.8 76.16968645368304 114.6424079837219 695.43212890625 6.22998046875 73.27283836113519 1154
150 30.1 91.322961547446 136.10408468327165 695.43212890625 6.22998046875 73.640970342639 1322
160 33.8 80.70147957886469 123.08924171970462 695.43212890625 6.22998046875 76.92025521796057 1623
170 39.8 96.5378700141332 147.85372093703248 974.510986328125 6.22998046875 77.57199098235914 1961
180 57.2 133.9143130429141 167.36276606616207 974.510986328125 6.22998046875 80.77182983553679 2359
190 69.1 564.6695964719383 357.8948572185981 2029.554931640625 6.22998046875 91.14286374704133 2931
200 73.1 957.3302955470891 541.0854303668635 3695.35986328125 0.72900390625 181.481619217197 3622
210 64.2 1071.2157906505533 692.2904742885765 4486.5888671875 0.65185546875 311.77001397877547 4353
220 26.8 680.1679213794309 629.208432365338 4486.5888671875 0.65185546875 409.38046215160455 4995
230 15.1 85.08953493636177 133.21692740528025 4486.5888671875 0.65185546875 423.1693732428182 5263
240 5.1 74.88608206954657 100.7293838554143 4486.5888671875 0.65185546875 413.7401054954457 5414
245 0.5 189.257177734375 100.59717258208967 4486.5888671875 0.65185546875 410.57788130610976 5465
