10 0.1 938 0 938 938 0 0
20 0.1 957.0 0.0 957 938 938.0 1
30 0.1 1130.0 0.0 1130 938 947.5 2
40 0.1 985.0 0.0 1130 938 1008.3333333333334 3
50 0.1 1003.0 0.0 1130 938 1002.5 4
60 0.1 574.0 0.0 1130 574 1002.6 5
70 0.1 1319.0 0.0 1319 574 931.1666666666666 6
80 0.1 1755.0 0.0 1755 574 986.5714285714286 7
90 0.1 2331.0 0.0 2331 574 1082.625 8
100 0.1 1678.0 0.0 2331 574 1221.3333333333333 9
110 0.1 2458.0 0.0 2458 574 1267.0 10
120 0.1 1463.0 0.0 2458 574 1375.2727272727273 11
130 0.1 2591.0 0.0 2591 574 1382.5833333333333 12
140 0.1 3255.0 0.0 3255 574 1475.5384615384614 13
150 0.1 3558.0 0.0 3558 574 1602.642857142857 14
160 0.1 6925.0 0.0 6925 574 1733.0 15
170 0.1 7295.0 0.0 7295 574 2057.5 16
180 0.1 7183.0 0.0 7295 574 2365.5882352941176 17
190 0.1 12311.0 0.0 12311 574 2633.222222222222 18
200 0.1 14273.0 0.0 14273 574 3142.5789473684213 19
210 0.1 13277.0 0.0 14273 574 3699.1 20
220 0.1 8368.0 0.0 14273 574 4155.190476190476 21
230 0.1 3969.0 0.0 14273 574 4346.681818181818 22
240 0.1 2534.0 0.0 14273 574 4330.260869565217 23
245 0.1 230.0 0.0 14273 230 4255.416666666666 24
