0 4.9 81.07090541294644 109.85723358644752 439.712158203125 6.972900390625 0 0
10 7.4 42.76192000105574 72.00026445690335 492.39501953125 6.649169921875 81.07090541294644 49
20 8.8 49.41617098721593 77.75283955861298 509.553955078125 6.22998046875 58.02322313262196 123
30 6.7 71.33177617770522 123.22859890407861 518.68212890625 6.22998046875 54.433552095675374 211
40 7.9 41.91800274426426 76.4898167393481 518.68212890625 6.22998046875 58.50614566940199 278
50 5 88.5612841796875 141.6055913020576 640.08984375 6.22998046875 54.83538014815302 357
60 5.6 57.853528703962056 93.3376372640277 640.08984375 6.22998046875 58.978611601658486 407
70 12.2 40.593069608094254 65.211726858862 640.08984375 6.22998046875 58.8425324606844 463
80 16.3 76.2749502731978 124.88291405228846 671.25 6.22998046875 55.03666157518697 585
90 11.1 49.016124278575454 75.72345368930881 671.25 6.22998046875 59.664791331571685 748
100 17.2 55.475147336028364 92.92919904309981 671.25 6.22998046875 58.28877032705179 859
110 13.4 56.60945698752332 94.09308810462554 671.25 6.22998046875 57.819378324669614 1031
120 12.9 55.49784626332365 99.40237575590363 671.25 6.22998046875 57.6802114069206 1165
130 21.9 46.50478359553368 74.23673079189092 671.25 6.22998046875 57.46264950311534 1294
140 22.9 55.86937303834607 94.90703379932677 671.25 6.22998046875 55.87654729970464 1513
150 40.2 68.3690191620024 112.45170521529457 671.25 6.22998046875 55.87560418497955 1742
160 44.5 61.49235483233842 101.62229368689876 671.25 6.22998046875 58.218119493171336 2144
170 51.4 74.58888286189811 125.20693991488976 974.510986328125 6.22998046875 58.78089845258785 2589
180 75.7 105.19160362656879 132.2622650790018 974.510986328125 6.22998046875 61.39943019167437 3103
190 88.5 445.3900903734113 227.1832770206533 1296.28515625 6.22998046875 69.98768803888035 3860
200 95.2 760.7913379829475 274.4201591572911 1742.89794921875 0.070068359375 140.00478520770224 4745
210 82.5 807.5044779829545 339.4259680012819 1858.18603515625 0.070068359375 243.74162885208236 5697
220 35.9 479.89457477367705 360.90036567840417 1858.18603515625 0.070068359375 315.0547767412221 6522
230 19.8 64.88197033814708 112.74950161549492 1858.18603515625 0.070068359375 323.65490571864564 6881
240 7 54.548127092633926 80.6565125805641 1858.18603515625 0.070068359375 316.41701319069836 7079
245 0.9 105.11998155381944 92.06687920766413 1858.18603515625 0.070068359375 313.8529032414936 7149
