10 0.1 473 0 473 473 0 0
20 0.1 532.0 0.0 532 473 473.0 1
30 0.1 595.0 0.0 595 473 502.5 2
40 0.1 578.0 0.0 595 473 533.3333333333334 3
50 0.1 642.0 0.0 642 473 544.5 4
60 0.1 326.0 0.0 642 326 564.0 5
70 0.1 665.0 0.0 665 326 524.3333333333334 6
80 0.1 1074.0 0.0 1074 326 544.4285714285714 7
90 0.1 1167.0 0.0 1167 326 610.625 8
100 0.1 874.0 0.0 1167 326 672.4444444444445 9
110 0.1 1230.0 0.0 1230 326 692.6 10
120 0.1 757.0 0.0 1230 326 741.4545454545455 11
130 0.1 1197.0 0.0 1230 326 742.75 12
140 0.1 1859.0 0.0 1859 326 777.6923076923077 13
150 0.1 1905.0 0.0 1905 326 854.9285714285714 14
160 0.1 3423.0 0.0 3423 326 924.9333333333333 15
170 0.1 3794.0 0.0 3794 326 1081.0625 16
180 0.1 3797.0 0.0 3797 326 1240.6470588235295 17
190 0.1 6461.0 0.0 6461 326 1382.6666666666667 18
200 0.1 7761.0 0.0 7761 326 1649.9473684210527 19
210 0.1 6556.0 0.0 7761 326 1955.5 20
220 0.1 4366.0 0.0 7761 326 2174.5714285714284 21
230 0.1 2025.0 0.0 7761 326 2274.181818181818 22
240 0.1 1209.0 0.0 7761 326 2263.3478260869565 23
245 0.1 137.0 0.0 7761 137 2219.4166666666665 24
