0 0.5 3704.746533203125 1277.6435666356256 4878.533935546875 1503.746826171875 0 0
10 0.8 7303.4796142578125 2620.3610591757256 10749.442138671875 1503.746826171875 3704.746533203125 5
20 1.1 7154.289151278409 3376.02272871357 13703.837158203125 1503.746826171875 5919.3515061598555 13
30 1.2 9519.131001790365 4290.0400496316115 16238.046875 1426.428955078125 6485.364593505859 24
40 1.1 7983.577481356534 3293.929296691612 16238.046875 1426.428955078125 7496.620062934027 36
50 1.2 8545.849568684896 3693.814047681471 16238.046875 1426.428955078125 7610.588820437168 47
60 0.5 3634.043359375 3715.3687982394877 16238.046875 919.07080078125 7800.811345504502 59
70 1.3 6565.4107008713945 3610.127209496928 16238.046875 919.07080078125 7475.282596588135 64
80 2.7 7410.95910192419 3548.3258492313253 16769.4150390625 919.07080078125 7321.667860947646 77
90 1.8 10672.278469509549 6049.14778104826 26044.1298828125 919.07080078125 7344.849240816557 104
100 2.5 7082.108681640625 5301.709498571404 26044.1298828125 919.07080078125 7835.7814220991295 122
110 2.1 7637.369966052827 5294.399077536527 26044.1298828125 919.07080078125 7707.605785966731 147
120 1.7 6712.063246783088 5334.32824775358 26044.1298828125 919.07080078125 7698.826308477493 168
130 2.8 7418.187430245535 3952.5482117935667 26044.1298828125 919.07080078125 7608.1507838893585 185
140 3.4 8899.208546357997 4777.894936124766 26044.1298828125 905.606201171875 7583.179075429137 213
150 4.7 8129.0305123836415 5392.058083066733 26044.1298828125 905.606201171875 7764.332929727037 247
160 6.6 8771.83115086411 5140.135100517914 26044.1298828125 905.606201171875 7822.634924233365 294
170 6.6 8288.05755800189 4637.60370728134 26044.1298828125 905.606201171875 7996.654232449002 360
180 9.5 7805.0939298930925 4216.714130178928 26044.1298828125 905.606201171875 8041.801226548746 426
190 11.4 9392.449704889661 4379.582092302325 27076.782958984375 905.606201171875 7998.639627350498 521
200 12.5 10948.500316406247 3640.70481486113 27076.782958984375 905.606201171875 8248.86694835753 635
210 14.6 12791.465641387524 4553.307492010551 27076.782958984375 905.606201171875 8692.885594418176 760
220 10.1 14960.654920521349 5483.747614594175 29578.969970703125 905.606201171875 9353.363173731117 906
230 3.7 11647.766931482263 7679.91637303395 29578.969970703125 905.606201171875 9915.762842475719 1007
240 1.5 10491.364680989584 6933.418503403435 33616.59814453125 905.606201171875 9977.14612915507 1044
245 0.3 16802.119954427082 1946.646764206954 33616.59814453125 905.606201171875 9984.429678047909 1059
