0 792.146875 792.146875
10 743.26875 1535.415625
20 935.178125 2470.59375
30 856.50390625 3327.09765625
40 834.97578125 4162.0734375
50 574.5015625 4736.575
60 874.203125 5610.778125
70 1409.975 7020.753125
80 1929.53828125 8950.29140625
90 1479.26953125 10429.5609375
100 2019.615625 12449.1765625
110 1670.58203125 14119.75859375
120 1903.534375 16023.29296875
130 2665.39296875 18688.6859375
140 3073.49140625 21762.17734375
150 5714.2265625 27476.40390625
160 5191.2 32667.60390625
170 6434.865625 39102.46953125
180 9429.4875 48531.95703125
190 10668.146875 59200.10390625
200 11760.50078125 70960.6046875
210 8344.884375 79305.4890625
220 4154.38359375 83459.87265625
230 2440.990625 85900.86328125
240 904.9453125 86805.80859375
245 68.30703125 86874.115625
