0 22.20546875 22.20546875
10 29.08046875 51.2859375
20 41.15390625 92.43984375
30 30.58984375 123.0296875
40 32.81484375 155.84453125
50 26.12890625 181.9734375
60 23.95390625 205.92734375
70 49.01015625 254.9375
80 74.15546875 329.09296875
90 48.5296875 377.62265625
100 76.04921875 453.671875
110 62.9234375 516.5953125
120 53.60703125 570.20234375
130 92.46640625 662.66875
140 103.709375 766.378125
150 177.61875 943.996875
160 195.921875 1139.91875
170 228.02265625 1367.94140625
180 330.33046875 1698.271875
190 392.2953125 2090.5671875
200 424.153125 2514.7203125
210 365.94765625 2880.66796875
220 156.9265625 3037.59453125
230 90.4703125 3128.06484375
240 36.28125 3164.34609375
245 5.559375 3169.90546875
