0 0.7 17.242571149553573 39.75940588860127 114.6259765625 0.60302734375 0 0
10 0.8 0.789215087890625 0.35551745610286767 114.6259765625 0.60302734375 17.242571149553573 7
20 1.8 0.7434760199652778 0.21903837671197693 114.6259765625 0.5380859375 8.467447916666668 15
30 0.9 0.7505696614583334 0.3466460639993655 114.6259765625 0.5380859375 4.2543723366477275 33
40 0.7 1.1183733258928572 0.3490211898086397 114.6259765625 0.531982421875 3.5035574776785716 42
50 0.9 0.7976345486111112 0.41562424350444116 114.6259765625 0.505859375 3.1628168845663267 49
60 2.3 1.2479725713315217 1.055200987891991 114.6259765625 0.47705078125 2.7958058324353448 58
70 2 0.87506103515625 0.430486988678191 114.6259765625 0.475830078125 2.356297622492284 81
80 1.6 1.5442657470703125 1.409967089402596 114.6259765625 0.475830078125 2.0629834467821784 101
90 2.1 0.7086007254464286 0.35279760484643996 114.6259765625 0.4609375 1.9920476929754276 117
100 1.9 0.6293688322368421 0.18769829110726255 114.6259765625 0.43505859375 1.7967405457427539 138
110 2.3 0.6735202955163043 0.17799668243825562 114.6259765625 0.43505859375 1.6554662619426752 157
120 3.5 0.66845703125 0.6856491664636887 114.6259765625 0.43505859375 1.5299953884548612 180
130 3.8 0.7362960012335525 0.6604827581197665 114.6259765625 0.43505859375 1.3897449582122092 215
140 3.5 0.6172781808035714 0.19355236367796355 114.6259765625 0.43505859375 1.291598474555336 253
150 6.6 0.8083792021780304 0.5746268043810593 114.6259765625 0.43505859375 1.2096498277452257 288
160 8.1 1.0374379099151234 1.0687285253331478 114.6259765625 0.43505859375 1.134836660266596 354
170 8.7 1.0153078978089085 1.0363436922545035 114.6259765625 0.43505859375 1.1167003412356322 435
180 16.1 0.5368000291149067 0.1870696176284378 114.6259765625 0.427978515625 1.0998016006645115 522
190 15.1 0.8552666468336094 1.123636540804216 114.6259765625 0.427978515625 0.9670881994646779 683
200 16.4 1.1466793897675307 2.145273568513999 114.6259765625 0.427978515625 0.9468423308228417 834
210 3.1 0.8028603830645161 0.7437299257532702 114.6259765625 0.427978515625 0.9796812864009269 998
220 1.6 0.6779937744140625 0.3047826871218858 114.6259765625 0.427978515625 0.9743543204112002 1029
230 1 1.0529052734375 1.1496869876649942 114.6259765625 0.427978515625 0.969816742673445 1045
240 1.7 2.8694565716911766 7.61575625395881 114.6259765625 0.427978515625 0.9706043116854265 1055
250 0 0 0 114.6259765625 0.427978515625 1.0007167075996968 1072
260 0 0 0 114.6259765625 0.427978515625 1.0007167075996968 1072
