0 0.1 3.953276643784483 0 3.953276643784483 3.953276643784483 0 0
10 0.1 2.1589793915603535 0.0 3.953276643784483 2.1589793915603535 3.953276643784483 1
20 0.1 1.4763779527559056 0.0 3.953276643784483 1.4763779527559056 3.0561280176724184 2
30 0.1 1.3779527559055118 0.0 3.953276643784483 1.3779527559055118 2.5295446627002476 3
40 0.1 1.5794669299111548 0.0 3.953276643784483 1.3779527559055118 2.2416466860015634 4
50 0.1 0.9803921568627451 0.0 3.953276643784483 0.9803921568627451 2.1092107347834816 5
60 0.1 1.2833168805528135 0.0 3.953276643784483 0.9803921568627451 1.9210743051300254 6
70 0.1 1.4605647517039921 0.0 3.953276643784483 0.9803921568627451 1.8299661016189952 7
80 0.1 1.557935735150925 0.0 3.953276643784483 0.9803921568627451 1.78379093287962 8
90 0.1 1.4634146341463417 0.0 3.953276643784483 0.9803921568627451 1.758695910909765 9
100 0.1 1.671583087512291 0.0 3.953276643784483 0.9803921568627451 1.7291677832334227 10
110 0.1 1.671583087512291 0.0 3.953276643784483 0.9803921568627451 1.7239328108951382 11
120 0.1 1.4866204162537164 0.0 3.953276643784483 0.9803921568627451 1.7195703339465676 12
130 0.1 1.4895729890764648 0.0 3.953276643784483 0.9803921568627451 1.7016511095086562 13
140 0.1 1.477832512315271 0.0 3.953276643784483 0.9803921568627451 1.6865026723349281 14
150 0.1 1.7786561264822136 0.0 3.953276643784483 0.9803921568627451 1.6725913283336176 15
160 0.1 2.3529411764705883 0.0 3.953276643784483 0.9803921568627451 1.679220378217905 16
170 0.1 2.4528301886792456 0.0 3.953276643784483 0.9803921568627451 1.7188510134092392 17
180 0.1 2.5390625 0.0 3.953276643784483 0.9803921568627451 1.759627634257573 18
190 0.1 4.276985743380855 0.0 4.276985743380855 0.9803921568627451 1.8006505219282272 19
200 0.1 16.49954421148587 0.0 16.49954421148587 0.9803921568627451 1.9244672830008587 20
210 0.1 3.8461538461538463 0.0 16.49954421148587 0.9803921568627451 2.6185185653096688 21
220 0.1 2.455795677799607 0.0 16.49954421148587 0.9803921568627451 2.674320168984404 22
230 0.1 1.5779092702169626 0.0 16.49954421148587 0.9803921568627451 2.6648191041502822 23
240 0.1 4.423076923076923 0.0 16.49954421148587 0.9803921568627451 2.6195311944030606 24
250 0.1 11.3314447592068 0.0 16.49954421148587 0.9803921568627451 2.691673023550015 25
260 0.1 13.068181818181818 0.0 16.49954421148587 0.9803921568627451 3.0239719364598914 26
