0 0.1 3167.3515625 0 3167.3515625 3167.3515625 0 0
10 0.1 3166.265625 0.0 3167.3515625 3166.265625 3167.3515625 1
20 0.1 3164.82421875 0.0 3167.3515625 3164.82421875 3166.80859375 2
30 0.1 3159.8671875 0.0 3167.3515625 3159.8671875 3166.1471354166665 3
40 0.1 3159.01171875 0.0 3167.3515625 3159.01171875 3164.5771484375 4
50 0.1 3163.03125 0.0 3167.3515625 3159.01171875 3163.4640625 5
60 0.1 3163.40625 0.0 3167.3515625 3159.01171875 3163.3919270833335 6
70 0.1 3161.59765625 0.0 3167.3515625 3159.01171875 3163.393973214286 7
80 0.1 3159.1875 0.0 3167.3515625 3159.01171875 3163.16943359375 8
90 0.1 3159.3515625 0.0 3167.3515625 3159.01171875 3162.726996527778 9
100 0.1 3158.23828125 0.0 3167.3515625 3158.23828125 3162.389453125 10
110 0.1 3155.5859375 0.0 3167.3515625 3155.5859375 3162.0120738636365 11
120 0.1 3154.01953125 0.0 3167.3515625 3154.01953125 3161.4765625 12
130 0.1 3152.58984375 0.0 3167.3515625 3152.58984375 3160.9029447115386 13
140 0.1 3144.0859375 0.0 3167.3515625 3144.0859375 3160.309151785714 14
150 0.1 3138.67578125 0.0 3167.3515625 3138.67578125 3159.227604166667 15
160 0.1 3137.58984375 0.0 3167.3515625 3137.58984375 3157.943115234375 16
170 0.1 3135.28515625 0.0 3167.3515625 3135.28515625 3156.7458639705883 17
180 0.1 3136.83203125 0.0 3167.3515625 3135.28515625 3155.5536024305557 18
190 0.1 3136.25 0.0 3167.3515625 3135.28515625 3154.5682565789475 19
200 0.1 3136.51953125 0.0 3167.3515625 3135.28515625 3153.65234375 20
210 0.1 3136.4921875 0.0 3167.3515625 3135.28515625 3152.836495535714 21
220 0.1 3136.6328125 0.0 3167.3515625 3135.28515625 3152.093572443182 22
230 0.1 3135.9140625 0.0 3167.3515625 3135.28515625 3151.4213654891305 23
240 0.1 3129.19921875 0.0 3167.3515625 3129.19921875 3150.7752278645835 24
250 0.1 3137.60546875 0.0 3167.3515625 3129.19921875 3149.9121875 25
260 0.1 3137.44140625 0.0 3167.3515625 3129.19921875 3149.4388521634614 26
