0 0.1 0.0 0 0.0 0.0 0 0
10 0.1 0.0 0.0 0.0 0.0 0.0 1
20 0.1 0.078125 0.0 0.078125 0.0 0.0 2
30 0.1 0.0703125 0.0 0.078125 0.0 0.026041666666666668 3
40 0.1 0.05859375 0.0 0.078125 0.0 0.037109375 4
50 0.1 0.05078125 0.0 0.078125 0.0 0.04140625 5
60 0.1 0.0390625 0.0 0.078125 0.0 0.04296875 6
70 0.1 0.0390625 0.0 0.078125 0.0 0.04241071428571429 7
80 0.1 0.03125 0.0 0.078125 0.0 0.0419921875 8
90 0.1 0.03125 0.0 0.078125 0.0 0.04079861111111111 9
100 0.1 0.01953125 0.0 0.078125 0.0 0.03984375 10
110 0.1 0.01953125 0.0 0.078125 0.0 0.03799715909090909 11
120 0.1 0.01953125 0.0 0.078125 0.0 0.036458333333333336 12
130 0.1 0.01171875 0.0 0.078125 0.0 0.03515625 13
140 0.1 0.01171875 0.0 0.078125 0.0 0.033482142857142856 14
150 0.1 0.01171875 0.0 0.078125 0.0 0.03203125 15
160 0.1 0.01171875 0.0 0.078125 0.0 0.030761718749999997 16
170 0.1 0.01171875 0.0 0.078125 0.0 0.029641544117647058 17
180 0.1 0.01171875 0.0 0.078125 0.0 0.028645833333333332 18
190 0.1 0.0 0.0 0.078125 0.0 0.027754934210526317 19
200 0.1 0.078125 0.0 0.078125 0.0 0.0263671875 20
210 0.1 0.140625 0.0 0.140625 0.0 0.02883184523809524 21
220 0.1 0.12109375 0.0 0.140625 0.0 0.03391335227272727 22
230 0.1 0.1015625 0.0 0.140625 0.0 0.03770380434782609 23
240 0.1 0.08984375 0.0 0.140625 0.0 0.040364583333333336 24
250 0.1 0.0703125 0.0 0.140625 0.0 0.04234375 25
260 0.1 0.05859375 0.0 0.140625 0.0 0.04341947115384615 26
