0 1.8 161.47657606336804 136.47896413503403 451.794921875 8.115966796875 0 0
10 3.8 216.3729248046875 206.31750552643848 746.80810546875 8.025146484375 161.47657606336804 18
20 6.5 725.9849459134617 613.253421356213 2519.714111328125 8.025146484375 198.72766985212053 56
30 7.2 1078.2804802788623 689.3284732488816 3068.133056640625 8.025146484375 481.96504955449393 121
40 5.9 285.8982802568856 354.8857041707424 3068.133056640625 8.025146484375 704.4246921045175 193
50 3.8 264.7949218750001 216.15861821027656 3068.133056640625 8.025146484375 606.4363655211433 252
60 5.7 367.07646313048247 353.7472901763356 3068.133056640625 8.025146484375 561.6695556640625 290
70 10.5 1200.763813709077 715.0246794441874 3749.941162109375 8.025146484375 529.7046960836185 347
80 7.6 1611.6331690738077 1043.58010417332 4369.18798828125 8.025146484375 685.5923229656388 452
90 8.6 2491.725628520167 1061.5156554408597 6861.77197265625 8.025146484375 818.8860811175722 528
100 9.1 2524.158090444712 1174.3892012611548 7000.814208984375 8.025146484375 1053.1925975290105 614
110 8.3 3377.684514424887 1237.8424688900393 8403.698974609375 8.025146484375 1243.0619022883423 705
120 8.3 4551.207996046686 1738.7246947373646 10745.778076171875 8.025146484375 1467.9015936682067 788
130 9.1 6128.541533417755 2175.7602236150956 17092.941162109375 8.025146484375 1761.7183920578896 871
140 11.9 5858.936554211528 4294.409804251962 20152.35009765625 0.612060546875 2174.79625678112 962
150 27.6 3573.3194615460825 5535.164624831116 24162.48193359375 0.572998046875 2580.3584171828024 1081
160 38.7 3276.915562040738 5810.156778009795 26310.057861328125 0.572998046875 2782.316595697368 1357
170 49.1 1764.3675594290978 3932.935368588087 26310.057861328125 0.569091796875 2892.06992137104 1744
180 65 1720.7647581129786 4074.7057418584445 26310.057861328125 0.55712890625 2644.3285971144437 2235
190 83.8 1238.4117696757542 3773.4956365955372 33031.767822265625 0.55712890625 2436.24662298933 2885
200 82.6 1298.1136025343335 3897.5105855923625 33031.767822265625 0.55712890625 2166.629215770212 3723
210 44.5 2455.6015553678008 4830.793485913056 33031.767822265625 0.55712890625 2008.9255673787336 4549
220 16.6 5918.682911332832 4917.201487389687 33031.767822265625 0.55712890625 2048.7274926200503 4994
230 9.5 9258.742043585526 5515.506984585189 33031.767822265625 0.55712890625 2173.226058415849 5160
240 9.9 10715.858546401516 6505.8287715488195 33031.767822265625 0.55712890625 2301.318164712922 5255
250 10.4 8159.083404541012 4418.1603393452515 33031.767822265625 0.55712890625 2456.9101515988336 5354
260 8 5901.380679321291 3699.2708193794947 33031.767822265625 0.55712890625 2565.5627749601354 5458
