10 0.1 325 0 325 325 0 0
20 0.1 679.0 0.0 679 325 325.0 1
30 0.1 1238.0 0.0 1238 325 502.0 2
40 0.1 1483.0 0.0 1483 325 747.3333333333334 3
50 0.1 788.0 0.0 1483 325 931.25 4
60 0.1 1051.0 0.0 1483 325 902.6 5
70 0.1 1148.0 0.0 1483 325 927.3333333333334 6
80 0.1 1623.0 0.0 1623 325 958.8571428571429 7
90 0.1 1309.0 0.0 1623 325 1041.875 8
100 0.1 1403.0 0.0 1623 325 1071.5555555555557 9
110 0.1 1525.0 0.0 1623 325 1104.7 10
120 0.1 1505.0 0.0 1623 325 1142.909090909091 11
130 0.1 1656.0 0.0 1656 325 1173.0833333333333 12
140 0.1 1621.0 0.0 1656 325 1210.2307692307693 13
150 0.1 1534.0 0.0 1656 325 1239.5714285714287 14
160 0.1 2126.0 0.0 2126 325 1259.2 15
170 0.1 2301.0 0.0 2301 325 1313.375 16
180 0.1 2449.0 0.0 2449 325 1371.4705882352941 17
190 0.1 3294.0 0.0 3294 325 1431.3333333333333 18
200 0.1 3215.0 0.0 3294 325 1529.3684210526317 19
210 0.1 3240.0 0.0 3294 325 1613.65 20
220 0.1 2245.0 0.0 3294 325 1691.095238095238 21
230 0.1 1914.0 0.0 3294 325 1716.2727272727273 22
240 0.1 1858.0 0.0 3294 325 1724.8695652173913 23
250 0.1 1732.0 0.0 3294 325 1730.4166666666667 24
260 0.1 1.9e3 0.0 3294 325 1730.48 25
