0 2.1 138.39935593377976 124.74488050298693 451.794921875 8.115966796875 0 0
10 5 164.42843261718747 188.3137313283868 746.80810546875 8.025146484375 138.39935593377976 21
20 8.6 576.2089701807771 549.6022855260644 1843.179931640625 8.025146484375 156.7296916263204 71
30 9.5 801.2473350123355 553.1942077181768 1843.179931640625 8.025146484375 386.5081499427744 157
40 6.8 235.5605289234834 291.9716666546188 1843.179931640625 8.025146484375 542.8582395523312 252
50 5 201.2351367187499 196.23912812390864 1843.179931640625 8.025146484375 477.557476043701 320
60 7.8 289.1362555088142 339.03748574258 1843.179931640625 7.48486328125 440.2166193781671 370
70 13.4 949.6190149107974 529.945203373361 2052.649169921875 7.48486328125 413.9124488830565 448
80 10.4 1248.0827918419475 686.5753011354585 2722.931884765625 7.48486328125 537.2538231918492 582
90 10.7 2021.8595871969908 611.6587371548287 3106.766845703125 7.48486328125 645.0179817044005 686
100 11.6 2017.2009824555496 510.2478843295714 3106.766845703125 7.48486328125 830.7961050180287 793
110 10.7 2738.3451121677863 586.7877743415013 3863.580810546875 7.48486328125 982.1965074192965 909
120 10.4 3822.526104266827 563.3138471461914 5095.73583984375 7.48486328125 1167.1452285886749 1016
130 11.2 5226.8794097900345 684.1973293873097 7018.477783203125 7.48486328125 1413.7163099016461 1120
140 15.1 5136.749699270489 3404.5279738469717 9423.327880859375 0.06982421875 1760.3675008005907 1232
150 34.9 3061.7417719712566 4437.913513843792 10899.1259765625 0.06982421875 2129.0108210962917 1383
160 50.1 2264.6899316601193 3921.4093700152057 10899.1259765625 0.06982421875 2316.9571847541224 1732
170 64.3 1504.4859507132112 3202.690162652437 10899.1259765625 0.06787109375 2305.230407414178 2233
180 83.5 1347.5724202961264 2989.304488028757 10899.1259765625 0.067138671875 2126.2044388263052 2876
190 109.6 987.2709143422816 2758.2185171923306 10899.1259765625 0.05810546875 1951.0069892243923 3711
200 103.9 934.6837074786456 2498.006036667207 10899.1259765625 0.05810546875 1731.2743622073767 4807
210 59.9 1827.687552170283 3551.811983510246 10899.1259765625 0.05810546875 1589.69761053732 5846
220 22.1 5114.861897049986 3380.44606530577 10899.1259765625 0.05810546875 1611.8164584873814 6445
230 13.9 6724.2265800640735 549.9332484164887 10899.1259765625 0.05810546875 1727.9540285327364 6666
240 13 6696.651778470553 545.169930062414 10899.1259765625 0.05810546875 1830.008677270849 6805
250 13.3 5806.800232392505 1069.3863293935212 10899.1259765625 0.05810546875 1921.236305699971 6935
260 11.9 3448.089505235688 807.7886631501929 10899.1259765625 0.05810546875 1994.3517559334327 7068
