10 0.1 179 0 179 179 0 0
20 0.1 362.0 0.0 362 179 179.0 1
30 0.1 631.0 0.0 631 179 270.5 2
40 0.1 747.0 0.0 747 179 390.6666666666667 3
50 0.1 435.0 0.0 747 179 479.75 4
60 0.1 446.0 0.0 747 179 470.8 5
70 0.1 637.0 0.0 747 179 466.6666666666667 6
80 0.1 781.0 0.0 781 179 491.0 7
90 0.1 694.0 0.0 781 179 527.25 8
100 0.1 824.0 0.0 824 179 545.7777777777778 9
110 0.1 838.0 0.0 838 179 573.6 10
120 0.1 828.0 0.0 838 179 597.6363636363636 11
130 0.1 1022.0 0.0 1022 179 616.8333333333334 12
140 0.1 826.0 0.0 1022 179 648.0 13
150 0.1 928.0 0.0 1022 179 660.7142857142857 14
160 0.1 1621.0 0.0 1621 179 678.5333333333333 15
170 0.1 1862.0 0.0 1862 179 737.4375 16
180 0.1 2101.0 0.0 2101 179 803.5882352941177 17
190 0.1 3314.0 0.0 3314 179 875.6666666666666 18
200 0.1 3159.0 0.0 3314 179 1004.0 19
210 0.1 3196.0 0.0 3314 179 1111.75 20
220 0.1 1704.0 0.0 3314 179 1211.0 21
230 0.1 1122.0 0.0 3314 179 1233.409090909091 22
240 0.1 1029.0 0.0 3314 179 1228.5652173913043 23
250 0.1 982.0 0.0 3314 179 1220.2499999999998 24
260 0.1 1061.0 0.0 3314 179 1210.7199999999998 25
