0 0.1 7631.183837890625 0 7631.183837890625 7631.183837890625 0 0
10 0.4 6449.36474609375 2966.153740022076 8706.739013671875 1346.949951171875 7631.183837890625 1
20 0.8 10150.909637451172 4736.014337024051 19196.651123046875 1346.949951171875 6685.728564453125 5
30 1.4 13087.837088448661 6216.740909251667 29749.863037109375 1346.949951171875 8818.147686298076 13
40 1.5 13924.681998697917 5435.19462933291 29749.863037109375 1346.949951171875 11032.060709635416 27
50 0.7 10166.395403180804 4169.917905421865 29749.863037109375 1346.949951171875 12065.139741443452 42
60 0.9 7595.908501519098 3920.334399895343 29749.863037109375 1346.949951171875 11793.890550263073 49
70 1.1 10116.016046697443 3120.6200980800827 29749.863037109375 1346.949951171875 11142.479542699353 58
80 1.6 15443.188522338867 3558.566185527401 29749.863037109375 1346.949951171875 10978.840434641077 69
90 1.8 20725.682874891492 6989.483585309076 42117.277099609375 1346.949951171875 11819.188309972427 85
100 1 18346.086645507814 3642.675648026334 42117.277099609375 1346.949951171875 13375.663088307798 103
110 1.2 21954.533752441406 5087.6455483047175 42117.277099609375 1346.949951171875 13815.523580095409 113
120 1.9 28137.10374691612 7007.4371807116895 42921.3681640625 1346.949951171875 14596.868556640626 125
130 0.9 28866.430691189234 3294.413600909575 42921.3681640625 1346.949951171875 16383.42736646864 144
140 0.8 30193.544494628906 14874.558684889631 59432.12890625 1097.31103515625 17117.7216796875 153
150 4 27249.387927246094 13801.53944037104 59432.12890625 187.9130859375 17767.452005895768 161
160 5.7 23636.405097827577 14527.45527442137 59432.12890625 187.9130859375 19654.404428055037 201
170 9.4 20180.970035634145 15775.405791397145 69255.99584960938 80.68994140625 20534.14876207455 258
180 10.1 18620.28387028156 14628.178338148531 69255.99584960938 80.68994140625 20439.833988536488 352
190 14.9 15061.672435376468 14873.73841728376 71531.27294921875 80.68994140625 20034.150628837266 453
200 16.5 15722.396522845644 13411.169363630608 71531.27294921875 80.68994140625 18803.42097630295 602
210 11.2 17509.701069423125 12415.519788971962 76534.21606445313 80.68994140625 18140.619105611353 767
220 4.7 25049.03290703956 12128.230092230257 77266.30493164063 80.68994140625 18060.2290941744 879
230 2.7 34243.827311197914 9258.598533592263 77266.30493164063 80.68994140625 18414.952397851142 926
240 2.8 41655.40074811661 9036.751451840497 77266.30493164063 80.68994140625 18863.409504525185 953
250 3.3 47247.221235795456 7734.613653440839 77266.30493164063 80.68994140625 19513.94544216082 981
260 2.7 49138.85262948495 11677.356326212217 77266.30493164063 80.68994140625 20416.507672131178 1014
