0 217.83203125 217.83203125
10 547.32578125 765.1578125
20 956.5515625 1721.709375
30 1385.8375 3107.546875
40 698.365625 3805.9125
50 728.09296875 4534.00546875
60 1003.72890625 5537.734375
70 1214.08828125 6751.82265625
80 1069.97734375 7821.8
90 1201.0828125 9022.8828125
100 1286.50859375 10309.39140625
110 1247.38671875 11556.778125
120 1250.35703125 12807.13515625
130 1301.046875 14108.18203125
140 1238.05234375 15346.234375
150 1371.60078125 16717.83515625
160 1489.0140625 18206.84921875
170 1538.74765625 19745.596875
180 1764.36796875 21509.96484375
190 1892.38671875 23402.3515625
200 1742.93359375 25145.28515625
210 1695.7578125 26841.04296875
220 1587.6796875 28428.72265625
230 1400.14609375 29828.86875
240 1418.396875 31247.265625
250 1370.446875 32617.7125
260 1204.9234375 33822.6359375
