0 8.7078125 8.7078125
10 23.98125 32.6890625
20 37.5765625 70.265625
30 42.38359375 112.64921875
40 28.0078125 140.65703125
50 21.74375 162.40078125
60 34.78046875 197.18125
70 61.171875 258.353125
80 50.59765625 308.95078125
90 43.91875 352.86953125
100 53.60859375 406.478125
110 44.17421875 450.65234375
120 49.87734375 500.5296875
130 48.853125 549.3828125
140 59.8671875 609.25
150 107.34921875 716.59921875
160 150.2875 866.88671875
170 178.62578125 1045.5125
180 206.64921875 1252.16171875
190 256.0296875 1508.19140625
200 229.809375 1738.00078125
210 157.9640625 1895.96484375
220 88.7109375 1984.67578125
230 53.915625 2038.59140625
240 56.43671875 2095.028125
250 51.28046875 2146.30859375
260 56.94453125 2203.253125
