0 1 12.321337890625001 31.19963808720932 105.634033203125 0.73291015625 0 0
10 1.1 3.44677734375 3.4639168027494205 105.634033203125 0.73291015625 12.321337890625001 10
20 0.6 3.1877034505208335 2.613570916835841 105.634033203125 0.652099609375 7.672758556547619 21
30 1.1 5.562100497159091 3.268807404544247 105.634033203125 0.652099609375 6.676079644097222 27
40 1.3 3.128680889423077 2.9032250927808714 105.634033203125 0.652099609375 6.3536119962993425 38
50 0.5 1.0337890625 0.5741932060113476 105.634033203125 0.652099609375 5.531570733762255 51
60 1.3 3.3981182391826925 2.944276599712286 105.634033203125 0.652099609375 5.129983084542411 56
70 0.5 2.38623046875 3.3150393307626804 105.634033203125 0.619140625 4.803689707880435 69
80 1.6 4.1354827880859375 3.1406672122224544 105.634033203125 0.619140625 4.640347867398648 74
90 0.9 3.8463812934027777 2.7207311590077254 105.634033203125 0.619140625 4.5505940755208325 90
100 0.8 2.6585693359375 2.1978448265472137 105.634033203125 0.619140625 4.486574731691919 99
110 1.1 3.7412553267045454 2.9270449023331775 105.634033203125 0.619140625 4.349901431074766 107
120 1 2.8116943359375 2.816113592066389 105.634033203125 0.619140625 4.293163234904661 118
130 0.8 3.031890869140625 2.5153954944334793 105.634033203125 0.619140625 4.177423477172852 128
140 1.6 2.65277099609375 2.196366814627507 105.634033203125 0.619140625 4.110039206112132 136
150 0.6 2.5220133463541665 2.0890364584024446 105.634033203125 0.619140625 3.9566425524259867 152
160 1.3 3.1644756610576925 2.689401921578584 105.634033203125 0.619140625 3.9021629623219938 158
170 1.3 3.1730581430288463 3.1752073510894983 105.634033203125 0.619140625 3.846081471582602 171
180 0.8 2.69537353515625 2.4908595381251746 105.634033203125 0.619140625 3.798530910326087 184
190 0.6 3.6772867838541665 3.3928381130225405 105.634033203125 0.619140625 3.7525660196940103 192
200 0.9 2.3936903211805554 2.4749271091788376 105.634033203125 0.56103515625 3.7502848307291665 198
210 1 2.2403076171875 2.2540804818442424 105.634033203125 0.56103515625 3.6913024607487923 207
220 1 2.451611328125 2.7030600938005467 105.634033203125 0.56103515625 3.6244363389256913 217
230 0.6 2.517822265625 1.707850546964192 105.634033203125 0.56103515625 3.5727700388904187 227
240 1.4 2.417323521205357 3.2313385151630993 105.634033203125 0.56103515625 3.5456040018106223 233
250 0.5 0.819580078125 0.27212755596483257 105.634033203125 0.56103515625 3.4816528814524292 247
260 1.2 3.36053466796875 3.337776222485736 105.634033203125 0.56103515625 3.428833976624504 252
270 1.3 2.8011192908653846 3.1070333001542694 105.634033203125 0.56103515625 3.425729462594697 264
280 1.5 4.245133463541667 2.919345735376797 105.634033203125 0.56103515625 3.396415627820397 277
290 0.8 2.78887939453125 1.784031832101165 105.634033203125 0.56103515625 3.4400141467786813 292
300 0 0 0 105.634033203125 0.56103515625 3.4226505533854166 300
310 0 0 0 105.634033203125 0.56103515625 3.4226505533854166 300
320 0 0 0 105.634033203125 0.56103515625 3.4226505533854166 300
330 0 0 0 105.634033203125 0.56103515625 3.4226505533854166 300
340 0 0 0 105.634033203125 0.56103515625 3.4226505533854166 300
350 0 0 0 105.634033203125 0.56103515625 3.4226505533854166 300
360 0 0 0 105.634033203125 0.56103515625 3.4226505533854166 300
370 0 0 0 105.634033203125 0.56103515625 3.4226505533854166 300
380 0 0 0 105.634033203125 0.56103515625 3.4226505533854166 300
390 0 0 0 105.634033203125 0.56103515625 3.4226505533854166 300
392 0 0 0 105.634033203125 0.56103515625 3.4226505533854166 300
