0 0.1 6.069346960962081 0 6.069346960962081 6.069346960962081 0 0
10 0.1 2.4582104228121926 0.0 6.069346960962081 2.4582104228121926 6.069346960962081 1
20 0.1 1.4792899408284024 0.0 6.069346960962081 1.4792899408284024 4.263778691887136 2
30 0.1 1.673228346456693 0.0 6.069346960962081 1.4792899408284024 3.335615774867558 3
40 0.1 1.8664047151277015 0.0 6.069346960962081 1.4792899408284024 2.9200189177648417 4
50 0.1 1.5810276679841897 0.0 6.069346960962081 1.4792899408284024 2.709296077237414 5
60 0.1 1.3820335636722607 0.0 6.069346960962081 1.3820335636722607 2.5212513423618765 6
70 0.1 1.5779092702169626 0.0 6.069346960962081 1.3820335636722607 2.358505945406217 7
80 0.1 1.383399209486166 0.0 6.069346960962081 1.3820335636722607 2.26093136100756 8
90 0.1 1.6765285996055226 0.0 6.069346960962081 1.3820335636722607 2.163427788616294 9
100 0.1 1.383399209486166 0.0 6.069346960962081 1.3820335636722607 2.1147378697152166 10
110 0.1 1.3820335636722607 0.0 6.069346960962081 1.3820335636722607 2.048252536967121 11
120 0.1 1.7716535433070866 0.0 6.069346960962081 1.3820335636722607 1.9927342891925495 12
130 0.1 1.5794669299111548 0.0 6.069346960962081 1.3820335636722607 1.9757280779705906 13
140 0.1 1.3820335636722607 0.0 6.069346960962081 1.3820335636722607 1.9474237102520597 14
150 0.1 1.4807502467917077 0.0 6.069346960962081 1.3820335636722607 1.9097310338134066 15
160 0.1 1.2845849802371543 0.0 6.069346960962081 1.2845849802371543 1.8829197346245503 16
170 0.1 1.7751479289940828 0.0 6.069346960962081 1.2845849802371543 1.8477235726017625 17
180 0.1 1.8737672583826428 0.0 6.069346960962081 1.2845849802371543 1.8436915924013357 18
190 0.1 1.5779092702169626 0.0 6.069346960962081 1.2845849802371543 1.8452745221898255 19
200 0.1 1.5810276679841897 0.0 6.069346960962081 1.2845849802371543 1.8319062595911824 20
210 0.1 1.6798418972332017 0.0 6.069346960962081 1.2845849802371543 1.8199596599908492 21
220 0.1 1.8700787401574805 0.0 6.069346960962081 1.2845849802371543 1.8135906707745926 22
230 0.1 1.4822134387351777 0.0 6.069346960962081 1.2845849802371543 1.81604667379124 23
240 0.1 1.383399209486166 0.0 6.069346960962081 1.2845849802371543 1.8021369556639042 24
250 0.1 1.5857284440039643 0.0 6.069346960962081 1.2845849802371543 1.7853874458167944 25
260 0.1 1.574803149606299 0.0 6.069346960962081 1.2845849802371543 1.777708253439378 26
270 0.1 1.8756169792694966 0.0 6.069346960962081 1.2845849802371543 1.7701932495937083 27
280 0.1 1.4822134387351777 0.0 6.069346960962081 1.2845849802371543 1.773958382796415 28
290 0.1 2.359882005899705 0.0 6.069346960962081 1.2845849802371543 1.7638982123115448 29
300 0.1 1.5779092702169626 0.0 6.069346960962081 1.2845849802371543 1.7837643387644835 30
310 0.1 1.3806706114398422 0.0 6.069346960962081 1.2845849802371543 1.7771238526823054 31
320 0.1 0.9900990099009901 0.0 6.069346960962081 0.9900990099009901 1.7647346888934783 32
330 0.1 1.383399209486166 0.0 6.069346960962081 0.9900990099009901 1.7412608804391603 33
340 0.1 1.8645731108930326 0.0 6.069346960962081 0.9900990099009901 1.7307355371758368 34
350 0.1 1.5794669299111548 0.0 6.069346960962081 0.9900990099009901 1.734559467853471 35
360 0.1 1.282051282051282 0.0 6.069346960962081 0.9900990099009901 1.7302513417995178 36
370 0.1 1.2833168805528135 0.0 6.069346960962081 0.9900990099009901 1.718137826671187 37
380 0.1 1.188118811881188 0.0 6.069346960962081 0.9900990099009901 1.706695170194388 38
390 0.1 1.1822660098522169 0.0 6.069346960962081 0.9900990099009901 1.6933983404940494 39
