0 0.1 3172.6484375 0 3172.6484375 3172.6484375 0 0
10 0.1 3172.52734375 0.0 3172.6484375 3172.52734375 3172.6484375 1
20 0.1 3171.328125 0.0 3172.6484375 3171.328125 3172.587890625 2
30 0.1 3170.25 0.0 3172.6484375 3170.25 3172.16796875 3
40 0.1 3169.16796875 0.0 3172.6484375 3169.16796875 3171.6884765625 4
50 0.1 3168.57421875 0.0 3172.6484375 3168.57421875 3171.184375 5
60 0.1 3168.21875 0.0 3172.6484375 3168.21875 3170.7493489583335 6
70 0.1 3168.10546875 0.0 3172.6484375 3168.10546875 3170.3878348214284 7
80 0.1 3167.6171875 0.0 3172.6484375 3167.6171875 3170.1025390625 8
90 0.1 3166.3125 0.0 3172.6484375 3166.3125 3169.8263888888887 9
100 0.1 3165.71875 0.0 3172.6484375 3165.71875 3169.475 10
110 0.1 3165.2421875 0.0 3172.6484375 3165.2421875 3169.1335227272725 11
120 0.1 3164.6484375 0.0 3172.6484375 3164.6484375 3168.8092447916665 12
130 0.1 3164.671875 0.0 3172.6484375 3164.6484375 3168.4891826923076 13
140 0.1 3164.0625 0.0 3172.6484375 3164.0625 3168.2165178571427 14
150 0.1 3162.98046875 0.0 3172.6484375 3162.98046875 3167.9395833333333 15
160 0.1 3162.38671875 0.0 3172.6484375 3162.38671875 3167.629638671875 16
170 0.1 3161.66796875 0.0 3172.6484375 3161.66796875 3167.321231617647 17
180 0.1 3161.4375 0.0 3172.6484375 3161.4375 3167.0071614583335 18
190 0.1 3161.20703125 0.0 3172.6484375 3161.20703125 3166.7140213815787 19
200 0.1 3160.8515625 0.0 3172.6484375 3160.8515625 3166.4386718749997 20
210 0.1 3160.375 0.0 3172.6484375 3160.375 3166.1726190476193 21
220 0.1 3160.265625 0.0 3172.6484375 3160.265625 3165.909090909091 22
230 0.1 3160.15234375 0.0 3172.6484375 3160.15234375 3165.663722826087 23
240 0.1 3160.19140625 0.0 3172.6484375 3160.15234375 3165.43408203125 24
250 0.1 3160.05078125 0.0 3172.6484375 3160.05078125 3165.224375 25
260 0.1 3160.08203125 0.0 3172.6484375 3160.05078125 3165.025390625 26
270 0.1 3159.9375 0.0 3172.6484375 3159.9375 3164.842303240741 27
280 0.1 3159.98828125 0.0 3172.6484375 3159.9375 3164.6671316964284 28
290 0.1 3159.86328125 0.0 3172.6484375 3159.86328125 3164.505792025862 29
300 0.1 3159.94140625 0.0 3172.6484375 3159.86328125 3164.351041666667 30
310 0.1 3159.796875 0.0 3172.6484375 3159.796875 3164.2087953629034 31
320 0.1 3159.83984375 0.0 3172.6484375 3159.796875 3164.0709228515625 32
330 0.1 3159.84765625 0.0 3172.6484375 3159.796875 3163.9427083333335 33
340 0.1 3159.84765625 0.0 3172.6484375 3159.796875 3163.822265625 34
350 0.1 3159.31640625 0.0 3172.6484375 3159.31640625 3163.7087053571427 35
360 0.1 3159.359375 0.0 3172.6484375 3159.31640625 3163.5866970486113 36
370 0.1 3159.3671875 0.0 3172.6484375 3159.31640625 3163.4724451013512 37
380 0.1 3159.375 0.0 3172.6484375 3159.31640625 3163.3644120065787 38
390 0.1 3159.37109375 0.0 3172.6484375 3159.31640625 3163.2621193910254 39
