0 0.1 0.3984375 0 0.3984375 0.3984375 0 0
10 0.1 0.33984375 0.0 0.3984375 0.33984375 0.3984375 1
20 0.1 0.2890625 0.0 0.3984375 0.2890625 0.369140625 2
30 0.1 0.25 0.0 0.3984375 0.25 0.3424479166666667 3
40 0.1 0.2109375 0.0 0.3984375 0.2109375 0.3193359375 4
50 0.1 0.1796875 0.0 0.3984375 0.1796875 0.29765625 5
60 0.1 0.1484375 0.0 0.3984375 0.1484375 0.2779947916666667 6
70 0.1 0.12890625 0.0 0.3984375 0.12890625 0.25948660714285715 7
80 0.1 0.109375 0.0 0.3984375 0.109375 0.2431640625 8
90 0.1 0.08984375 0.0 0.3984375 0.08984375 0.2282986111111111 9
100 0.1 0.078125 0.0 0.3984375 0.078125 0.214453125 10
110 0.1 0.05859375 0.0 0.3984375 0.05859375 0.2020596590909091 11
120 0.1 0.05078125 0.0 0.3984375 0.05078125 0.19010416666666666 12
130 0.1 0.05078125 0.0 0.3984375 0.05078125 0.17938701923076922 13
140 0.1 0.0390625 0.0 0.3984375 0.0390625 0.17020089285714285 14
150 0.1 0.03125 0.0 0.3984375 0.03125 0.16145833333333334 15
160 0.1 0.03125 0.0 0.3984375 0.03125 0.1533203125 16
170 0.1 0.01953125 0.0 0.3984375 0.01953125 0.14613970588235295 17
180 0.1 0.01953125 0.0 0.3984375 0.01953125 0.1391059027777778 18
190 0.1 0.01953125 0.0 0.3984375 0.01953125 0.1328125 19
200 0.1 0.01171875 0.0 0.3984375 0.01171875 0.1271484375 20
210 0.1 0.01171875 0.0 0.3984375 0.01171875 0.12165178571428571 21
220 0.1 0.01171875 0.0 0.3984375 0.01171875 0.11665482954545454 22
230 0.1 0.01171875 0.0 0.3984375 0.01171875 0.11209239130434782 23
240 0.1 0.01171875 0.0 0.3984375 0.01171875 0.10791015625 24
250 0.1 0.01171875 0.0 0.3984375 0.01171875 0.1040625 25
260 0.1 0.01171875 0.0 0.3984375 0.01171875 0.1005108173076923 26
270 0.1 0.0 0.0 0.3984375 0.0 0.09722222222222222 27
280 0.1 0.0 0.0 0.3984375 0.0 0.09375 28
290 0.1 0.078125 0.0 0.3984375 0.0 0.09051724137931035 29
300 0.1 0.0703125 0.0 0.3984375 0.0 0.09010416666666667 30
310 0.1 0.05859375 0.0 0.3984375 0.0 0.08946572580645161 31
320 0.1 0.05078125 0.0 0.3984375 0.0 0.0885009765625 32
330 0.1 0.0390625 0.0 0.3984375 0.0 0.08735795454545454 33
340 0.1 0.0390625 0.0 0.3984375 0.0 0.0859375 34
350 0.1 0.03125 0.0 0.3984375 0.0 0.08459821428571429 35
360 0.1 0.03125 0.0 0.3984375 0.0 0.08311631944444445 36
370 0.1 0.01953125 0.0 0.3984375 0.0 0.08171452702702703 37
380 0.1 0.01953125 0.0 0.3984375 0.0 0.080078125 38
390 0.1 0.01953125 0.0 0.3984375 0.0 0.07852564102564102 39
