0 1.1 705.5814985795455 505.71791877295993 1875.68798828125 8.4990234375 0 0
10 3.2 2861.0950775146484 1578.9396504294305 5533.987060546875 8.4990234375 705.5814985795455 11
20 4.1 3194.977187738186 1434.7277529179898 7197.64404296875 8.4990234375 2309.6846270893893 43
30 3.1 5713.838103263609 1803.3129293354502 10309.342041015625 8.4990234375 2741.791710263207 84
40 4 6646.904510498047 2613.90191006751 12772.468994140625 8.4990234375 3542.952042289402 115
50 3.9 9130.378086187904 3172.2254254070212 16111.68408203125 8.4990234375 4343.972034085182 155
60 3.6 10047.829962836371 3175.117470642023 17736.141845703125 8.4990234375 5306.187683734698 194
70 4.5 9831.780560980902 2055.4483800646103 17736.141845703125 8.4990234375 6048.357779594091 230
80 4.1 9269.378906250004 2833.1714475499975 19305.133056640625 8.4990234375 6667.463325639205 275
90 3.7 10932.55186998522 2738.5367410413805 20026.64111328125 8.4990234375 7005.053638313391 316
100 3.6 15587.880560980902 2902.1658278885657 24883.73291015625 8.4990234375 7416.7177589135545 353
110 4.5 15105.062109375 3845.4594324289405 28555.344970703125 8.4990234375 8172.917915403078 389
120 3.6 16178.050021701389 6026.722057828499 29843.76416015625 8.4990234375 8891.688626759613 434
130 3.9 17991.954934144625 4601.937011176416 30778.828857421875 8.4990234375 9449.792903818983 470
140 2.8 21001.16544015067 3573.556758542545 33668.590087890625 8.4990234375 10104.300407124878 509
150 3.3 24221.694461706913 5607.84142280205 39845.2431640625 8.4990234375 10672.479589480039 537
160 4.2 22898.28904506139 6857.383435886661 41564.35693359375 3.372802734375 11456.907818924754 570
170 7.2 14782.071695963541 13958.487460059303 46168.406982421875 0.64501953125 12242.100648169424 612
180 5.7 17171.151315789473 13483.746711095422 46803.194091796875 0.64501953125 12509.466021621436 684
190 7.1 15602.94971390845 14005.2583119768 47977.31298828125 0.64501953125 12868.057198095901 741
200 6.3 13683.810647631446 11936.3775683681 47977.31298828125 0.64013671875 13107.191888517935 812
210 7.6 14919.909369217721 14362.411828672733 47977.31298828125 0.64013671875 13148.708439174106 875
220 6.3 18627.070893787193 14226.290487825243 47977.31298828125 0.64013671875 13290.255516653933 951
230 4.5 20318.778922526042 11087.465540854984 47977.31298828125 0.64013671875 13621.8328033989 1014
240 6.8 13850.797614602481 13370.081420806231 47977.31298828125 0.64013671875 13906.405584664926 1059
250 8.2 12991.163038300305 15248.009156413644 48379.35302734375 0.623046875 13903.050356657608 1127
260 7 18821.48788364955 14225.506073119917 48379.35302734375 0.623046875 13841.201919845947 1209
270 6.4 19935.147056579593 10107.509138696767 48379.35302734375 0.623046875 14113.774255628787 1279
280 4.7 17172.50416597407 10125.2379761284 48379.35302734375 0.623046875 14391.18889394662 1343
290 5.5 14886.419260475852 13110.418895989114 48379.35302734375 0.623046875 14485.233367173449 1390
300 3.7 23771.660552153717 4443.348322523278 48379.35302734375 0.623046875 14500.503418475617 1445
310 3.7 28094.81022355363 7085.511531473964 48379.35302734375 0.623046875 14731.969554741534 1482
320 4.2 28674.058901832217 9235.072703865946 48379.35302734375 0.623046875 15057.463369584224 1519
330 5.2 21098.480938251203 9474.500226854003 48379.35302734375 0.623046875 15423.829168658162 1561
340 4.1 19053.336943835748 9403.670912124997 48379.35302734375 0.623046875 15606.768965322042 1613
350 3 17719.44024251302 5494.991533844647 48379.35302734375 0.623046875 15692.203842661256 1654
360 3.1 20731.33170047883 6280.613551643518 48379.35302734375 0.623046875 15728.318505366455 1684
370 3.8 17800.28987844367 8521.042599143306 48379.35302734375 0.623046875 15818.751980030293 1715
380 2.7 16381.554750795718 5915.375667286687 48379.35302734375 0.623046875 15861.70602460514 1753
390 2 15701.348876953125 940.9946532517349 48379.35302734375 0.623046875 15869.591370451852 1780
392 0 0 0 48379.35302734375 0.623046875 15867.722009412977 1800
