10 0.1 211 0 211 211 0 0
20 0.1 417.0 0.0 417 211 211.0 1
30 0.1 500.0 0.0 500 211 314.0 2
40 0.1 492.0 0.0 500 211 376.0 3
50 0.1 548.0 0.0 548 211 405.0 4
60 0.1 376.0 0.0 548 211 433.6 5
70 0.1 467.0 0.0 548 211 424.0 6
80 0.1 480.0 0.0 548 211 430.14285714285717 7
90 0.1 577.0 0.0 577 211 436.375 8
100 0.1 420.0 0.0 577 211 452.0 9
110 0.1 573.0 0.0 577 211 448.8 10
120 0.1 554.0 0.0 577 211 460.09090909090907 11
130 0.1 435.0 0.0 577 211 467.9166666666667 12
140 0.1 444.0 0.0 577 211 465.38461538461536 13
150 0.1 440.0 0.0 577 211 463.85714285714283 14
160 0.1 459.0 0.0 577 211 462.26666666666665 15
170 0.1 553.0 0.0 577 211 462.0625 16
180 0.1 484.0 0.0 577 211 467.4117647058824 17
190 0.1 603.0 0.0 603 211 468.3333333333333 18
200 0.1 486.0 0.0 603 211 475.42105263157896 19
210 0.1 555.0 0.0 603 211 475.95 20
220 0.1 502.0 0.0 603 211 479.7142857142857 21
230 0.1 420.0 0.0 603 211 480.72727272727275 22
240 0.1 597.0 0.0 603 211 478.0869565217391 23
250 0.1 675.0 0.0 675 211 483.0416666666667 24
260 0.1 492.0 0.0 675 211 490.72 25
270 0.1 634.0 0.0 675 211 490.7692307692308 26
280 0.1 611.0 0.0 675 211 496.0740740740741 27
290 0.1 507.0 0.0 675 211 500.17857142857144 28
300 0.1 438.0 0.0 675 211 500.41379310344826 29
310 0.1 493.0 0.0 675 211 498.3333333333333 30
320 0.1 301.0 0.0 675 211 498.16129032258067 31
330 0.1 581.0 0.0 675 211 492.0 32
340 0.1 384.0 0.0 675 211 494.6969696969697 33
350 0.1 583.0 0.0 675 211 491.44117647058823 34
360 0.1 320.0 0.0 675 211 494.0571428571429 35
370 0.1 475.0 0.0 675 211 489.22222222222223 36
380 0.1 538.0 0.0 675 211 488.8378378378378 37
390 0.1 176.0 0.0 675 176 490.13157894736844 38
