0 1.1 705.5814985795455 505.71791877295993 1875.68798828125 8.4990234375 0 0
10 3.3 2797.9098085345645 1595.386956257902 5533.987060546875 8.4990234375 705.5814985795455 11
20 4.3 3066.068223110465 1294.067162815181 5533.987060546875 8.4990234375 2274.8277310458097 44
30 3.5 5422.214892578126 1526.682664531458 8258.55517578125 8.4990234375 2665.9006179283406 87
40 5.1 5748.591007008272 1416.2944689769806 8258.55517578125 8.4990234375 3456.6465163934427 122
50 4.2 7975.413074311756 1401.8251234341462 11047.8818359375 8.4990234375 4132.306452933074 173
60 4.1 8812.350258431783 1533.5923822043155 11355.99609375 8.4990234375 4883.052862690771 215
70 4.5 9549.575336371525 1337.7727923089703 11873.80712890625 8.4990234375 5512.354398727417 256
80 4.8 8480.793584187824 1706.3157480493826 12357.385986328125 8.4990234375 6115.925635252284 301
90 4.1 10313.440328458457 1669.7608909322068 13568.49609375 8.4990234375 6441.179679805024 349
100 4 14672.458331298829 1105.103012002035 16617.59619140625 8.4990234375 6848.263491586538 390
110 5.4 14046.148514359085 1810.2873638288202 18145.60205078125 8.4990234375 7576.09556969931 430
120 4 13726.994110107422 1318.551625605573 18145.60205078125 8.4990234375 8297.96098088036 484
130 4.3 16379.23719681141 1568.17357997001 20328.718017578125 8.4990234375 8712.39099074502 524
140 3 20017.211385091145 1457.6792201194535 22804.587890625 8.4990234375 9293.827299141589 567
150 4 21833.65269165039 1485.9274457477006 24623.378173828125 8.4990234375 9832.690821048602 597
160 4.4 21694.900357333096 4874.532588283708 24740.532958984375 3.372802734375 10586.283403190002 637
170 8.2 12850.511340629764 11690.636807620338 26134.18310546875 0.6279296875 11304.020768802771 681
180 6.5 15143.381753305288 11251.778593858624 26214.068115234375 0.60693359375 11470.222901030575 763
190 7.7 14371.911668653613 11239.177304587347 26214.068115234375 0.60693359375 11758.574743298517 828
200 7.7 13653.402955686892 11014.90460625899 26563.800048828125 0.60693359375 11980.924956837016 905
210 8.5 12008.035093060664 11094.356939885658 26563.800048828125 0.5927734375 12112.066307052333 982
220 7.3 15218.234900069563 10703.229836404113 26563.800048828125 0.5927734375 12103.778909499108 1067
230 5 18769.93789062499 8930.887642057607 26563.800048828125 0.5927734375 12303.213372053182 1140
240 7.8 13267.026924328924 11687.181338873312 26563.800048828125 0.5927734375 12574.924486278887 1190
250 9.2 11168.001432999317 11968.480989167088 27475.655029296875 0.568115234375 12617.498611016981 1268
260 9.1 15232.35332782452 10324.46307416253 27475.655029296875 0.568115234375 12519.44439015108 1360
270 8.3 15252.47466232116 5235.021167573052 27475.655029296875 0.568115234375 12689.585474457272 1451
280 5.3 13817.43541328862 5148.068621937472 27475.655029296875 0.568115234375 12828.25548918524 1534
290 6.9 12187.023271201313 8960.608860303893 27475.655029296875 0.568115234375 12861.29048349997 1587
300 3.9 22233.08495467748 1291.9715609831821 27475.655029296875 0.568115234375 12833.19601632086 1656
310 4.3 24780.230644758358 1531.7057235081325 27706.60302734375 0.568115234375 13049.476646760924 1695
320 5.1 24397.11812576593 2368.255739727949 29782.2490234375 0.568115234375 13339.708189864428 1738
330 5.7 16776.63019120066 3705.233122453604 29782.2490234375 0.568115234375 13654.927813526238 1789
340 5.1 14281.510354434742 1430.6393552705197 29782.2490234375 0.568115234375 13751.31840698639 1846
350 3.8 14878.13765676398 1565.816095313249 29782.2490234375 0.568115234375 13765.572381324748 1897
360 4.1 16645.570509003435 1579.309010692589 29782.2490234375 0.568115234375 13787.421208439317 1935
370 5.4 11555.001365379047 3588.219766200279 29782.2490234375 0.568115234375 13846.724913562357 1976
380 4.7 7985.066536112035 1587.9784429442564 29782.2490234375 0.568115234375 13785.76280932497 2030
390 2.3 8759.850914996603 1048.736891114521 29782.2490234375 0.568115234375 13654.500062651397 2077
392 0 0 0 29782.2490234375 0.568115234375 13600.892000558035 2100
