10 0.1 157 0 157 157 0 0
20 0.1 344.0 0.0 344 157 157.0 1
30 0.1 385.0 0.0 385 157 250.5 2
40 0.1 353.0 0.0 385 157 295.3333333333333 3
50 0.1 452.0 0.0 452 157 309.75 4
60 0.1 277.0 0.0 452 157 338.2 5
70 0.1 356.0 0.0 452 157 328.0 6
80 0.1 362.0 0.0 452 157 332.0 7
90 0.1 432.0 0.0 452 157 335.75 8
100 0.1 318.0 0.0 452 157 346.44444444444446 9
110 0.1 437.0 0.0 452 157 343.6 10
120 0.1 440.0 0.0 452 157 352.09090909090907 11
130 0.1 360.0 0.0 452 157 359.4166666666667 12
140 0.1 353.0 0.0 452 157 359.46153846153845 13
150 0.1 332.0 0.0 452 157 359.0 14
160 0.1 335.0 0.0 452 157 357.2 15
170 0.1 429.0 0.0 452 157 355.8125 16
180 0.1 409.0 0.0 452 157 360.11764705882354 17
190 0.1 444.0 0.0 452 157 362.8333333333333 18
200 0.1 411.0 0.0 452 157 367.10526315789474 19
210 0.1 471.0 0.0 471 157 369.3 20
220 0.1 415.0 0.0 471 157 374.14285714285717 21
230 0.1 350.0 0.0 471 157 376.0 22
240 0.1 415.0 0.0 471 157 374.8695652173913 23
250 0.1 550.0 0.0 550 157 376.5416666666667 24
260 0.1 412.0 0.0 550 157 383.48 25
270 0.1 511.0 0.0 550 157 384.5769230769231 26
280 0.1 502.0 0.0 550 157 389.25925925925924 27
290 0.1 426.0 0.0 550 157 393.2857142857143 28
300 0.1 319.0 0.0 550 157 394.41379310344826 29
310 0.1 355.0 0.0 550 157 391.9 30
320 0.1 223.0 0.0 550 157 390.7096774193548 31
330 0.1 454.0 0.0 550 157 385.46875 32
340 0.1 289.0 0.0 550 157 387.54545454545456 33
350 0.1 428.0 0.0 550 157 384.6470588235294 34
360 0.1 200.0 0.0 550 157 385.8857142857143 35
370 0.1 360.0 0.0 550 157 380.72222222222223 36
380 0.1 431.0 0.0 550 157 380.1621621621622 37
390 0.1 137.0 0.0 550 137 381.50000000000006 38
