20 0.2 22416.010009765625 2719.680908203125 25135.69091796875 19696.3291015625 0 0
30 0.2 28111.093994140625 741.31591796875 28852.409912109375 19696.3291015625 22416.010009765625 2
40 0.6 36599.560546875 3015.248828410812 40689.177978515625 19696.3291015625 25263.552001953125 4
50 0.8 41799.92123413086 4383.439221939307 49860.18701171875 19696.3291015625 32065.15712890625 10
60 0.5 49099.63754882813 5083.458119578038 57872.23291015625 19696.3291015625 36391.71895345052 18
70 0.2 53403.755859375 2821.615966796875 57872.23291015625 19696.3291015625 39154.309952445656 23
80 0.3 58301.058919270836 1194.4085366270235 59966.080810546875 19696.3291015625 40294.26562500001 25
90 0.4 62982.712951660156 1830.780736905308 65092.4619140625 19696.3291015625 42223.56490652903 28
100 0.3 72041.03165690105 947.0943349040458 72843.2451171875 19696.3291015625 44818.45841217042 32
110 0.3 79306.0996907552 4509.540628786504 83031.25512695313 19696.3291015625 47151.821833147325 35
120 0.6 82903.09700520833 917.6391050064932 84319.4189453125 19696.3291015625 49690.31745348479 38
130 0.5 89283.3083984375 3188.294949008656 94302.92895507813 19696.3291015625 54219.332846901634 44
140 0.3 93292.63826497395 1308.5041265756709 94302.92895507813 19696.3291015625 57797.289535833865 49
150 0.4 97958.69226074219 1653.8376578030395 100705.05004882813 19696.3291015625 59845.09811636118 52
160 0.3 101269.70564778645 1459.6990073076577 103316.38012695313 19696.3291015625 62567.49769810268 56
170 1.1 92879.40658291904 26199.444323997985 123279.10009765625 19696.3291015625 64535.40657690016 59
180 0.7 101002.74916294643 20746.992443658786 123279.10009765625 19696.3291015625 68989.46372070312 70
190 0.6 118455.99243164063 14666.800172695892 132084.36499023438 19696.3291015625 71899.7623972707 77
200 0.6 101768.12797037761 15683.544974708231 132084.36499023438 19696.3291015625 75265.2730021649 83
210 1.4 112410.853288923 20232.191491368507 135727.96508789063 19696.3291015625 77051.98232586464 89
220 1.3 111516.916015625 32386.679945335574 144917.42211914063 19696.3291015625 81858.04245676578 103
230 0.5 128494.28896484376 21879.11970485945 144917.42211914063 19696.3291015625 85181.8817349138 116
240 0.5 101689.96162109375 27316.458705914632 144954.14697265625 19696.3291015625 86971.65062871255 121
250 1.2 102105.43623860677 42847.44675180277 154961.50512695313 19696.3291015625 87555.71058872768 126
260 1.8 113653.77334255642 27545.08363544543 154961.50512695313 19696.3291015625 88820.90412349977 138
270 1.4 109271.26609584263 24035.088815704035 155291.05688476563 19696.3291015625 91686.23518723708 156
280 1 125145.20817871093 34418.29826241362 160556.51000976563 19696.3291015625 93134.4142032399 170
290 1.3 109517.10481144831 39550.17051205738 160556.51000976563 19696.3291015625 94912.79164632161 180
300 0.4 120707.57843017578 35840.11893754715 160556.51000976563 19696.3291015625 95896.50185951668 193
310 0.7 128232.49958147321 12782.60603226417 160556.51000976563 19696.3291015625 96400.28006399707 197
320 1.1 137928.0204634233 27519.749039098995 165654.44995117188 19696.3291015625 97492.5621062634 204
330 0.7 115478.18530273438 24612.03913204964 165654.44995117188 19696.3291015625 99561.3529989553 215
340 0.9 121365.28925238716 26994.445826444964 165654.44995117188 19696.3291015625 100063.23509862402 222
350 0.6 114367.12967936198 21412.50322246638 165654.44995117188 19696.3291015625 100893.18526045894 231
360 0.8 122394.22216796875 19864.84957204697 165654.44995117188 19696.3291015625 101234.29777739319 237
370 1.5 121447.4291015625 16544.409317206108 165654.44995117188 19696.3291015625 101925.23408402424 245
380 2 112457.47658691407 12091.830912164709 165654.44995117188 19696.3291015625 103051.5145658053 260
390 2 110031.59370117188 5859.957468885985 165654.44995117188 19696.3291015625 103723.36899588449 280
392 0 0 0 165654.44995117188 19696.3291015625 104143.91730957032 300
