0 5.2828125 5.2828125
10 12.740625 18.0234375
20 27.32109375 45.34453125
30 22.921875 68.26640625
40 28.0640625 96.33046875
50 18.49609375 114.8265625
60 21.16171875 135.98828125
70 21.06015625 157.0484375
80 30.48203125 187.53046875
90 24.54140625 212.071875
100 18.846875 230.91875
110 33.634375 264.553125
120 19.4671875 284.0203125
130 22.0671875 306.0875
140 17.565625 323.653125
150 22.05234375 345.70546875
160 22.865625 368.57109375
170 37.528125 406.09921875
180 31.64609375 437.7453125
190 39.09609375 476.84140625
200 36.79453125 513.6359375
210 37.6203125 551.25625
220 35.05546875 586.31171875
230 26.79609375 613.1078125
240 34.43515625 647.54296875
250 44.609375 692.15234375
260 42.14375 734.29609375
270 42.3640625 776.66015625
280 24.94375 801.60390625
290 32.25078125 833.8546875
300 19.89765625 853.75234375
310 17.63203125 871.384375
320 24.33125 895.715625
330 31.7328125 927.4484375
340 26.7484375 954.196875
350 23.2515625 977.4484375
360 22.5203125 999.96875
370 26 1025.96875
380 21.82734375 1047.79609375
390 2.321875 1050.11796875
392 0 1050.11796875
