0 133.278125 133.278125
10 302.32734375 435.60546875
20 370.69765625 806.303125
30 351.1 1157.403125
40 358.82421875 1516.22734375
50 244.13125 1760.35859375
60 365.15546875 2125.5140625
70 378.3578125 2503.871875
80 393.65859375 2897.53046875
90 345.93828125 3243.46875
100 388.403125 3631.871875
110 390.61484375 4022.48671875
120 241.97421875 4264.4609375
130 309.51484375 4573.97578125
140 375.32890625 4949.3046875
150 325.21953125 5274.52421875
160 408.29921875 5682.8234375
170 325.1609375 6007.984375
180 376.05 6384.034375
190 303.20625 6687.240625
200 336.95546875 7024.19609375
210 312.7671875 7336.96328125
220 301.10546875 7638.06875
230 324.3015625 7962.3703125
240 492.21953125 8454.58984375
250 246.403125 8700.99296875
260 461.71015625 9162.703125
270 397.046875 9559.75
280 268.86484375 9828.61484375
290 289.5515625 10118.16640625
300 361.58125 10479.74765625
310 302.20703125 10781.9546875
320 198.56328125 10980.51796875
330 352.596875 11333.11484375
340 199.33359375 11532.4484375
350 282.72578125 11815.17421875
360 299.49921875 12114.6734375
370 177.98515625 12292.65859375
380 88.2375 12380.89609375
390 14.53359375 12395.4296875
392 0 12395.4296875
