0 0.7 17.493931361607142 40.794380110748016 117.413818359375 0.552001953125 0 0
10 1.8 0.7774658203125 0.33246552484213754 117.413818359375 0.552001953125 17.493931361607142 7
20 0.7 1.8548409598214286 1.6870803808669812 117.413818359375 0.552001953125 5.458076171875 25
30 1.6 1.099609375 0.9058123386766935 117.413818359375 0.552001953125 4.669868469238281 32
40 0.8 1.4544677734375 1.1435035544283076 117.413818359375 0.552001953125 3.4797821044921875 48
50 0.4 1.02642822265625 0.30096322908270007 117.413818359375 0.552001953125 3.1904514857700894 56
60 1.5 1.0967122395833333 0.4674782337781393 117.413818359375 0.552001953125 3.0461832682291665 60
70 1.1 0.6921608664772727 0.06744457963592129 117.413818359375 0.552001953125 2.6562890625 75
80 1.4 1.1444440569196428 1.010495188636461 117.413818359375 0.552001953125 2.405063363008721 86
90 1.9 1.0311472039473684 0.358030885451681 117.413818359375 0.552001953125 2.22857666015625 100
100 1.6 0.9242401123046875 0.3646418790911957 117.413818359375 0.552001953125 2.037390444459034 119
110 2.7 0.8505678530092593 0.3629215632343612 117.413818359375 0.552001953125 1.9054615162037036 135
120 4.1 1.3761790205792686 1.090168353976069 117.413818359375 0.552001953125 1.7296459056712963 162
130 3.4 0.9807846966911765 0.6664628638199702 117.413818359375 0.552001953125 1.658256042179803 203
140 4.4 0.7278941761363634 0.1961324470146648 117.413818359375 0.5390625 1.5610660601265822 237
150 7.9 1.1390952581091771 0.6717735830589752 117.413818359375 0.5390625 1.4306049822064058 281
160 7.4 0.9941505225929054 0.6601816614332994 117.413818359375 0.533935546875 1.3666347927517362 360
170 9 0.7821994357638892 0.43973789879154873 117.413818359375 0.52197265625 1.3031236499135945 434
180 14 1.0263619559151786 0.8449227641975572 117.413818359375 0.510986328125 1.2136519337428435 524
190 16.4 0.9093508836699693 0.6224228352307798 117.413818359375 0.510986328125 1.1741630829960468 664
200 14.6 1.1856254682148972 1.1261108486360276 117.413818359375 0.5 1.1217123575256642 828
210 5.9 0.7160354872881356 0.24024383280189965 117.413818359375 0.5 1.131292762208034 974
220 1.7 0.6827464384191176 0.11880478547812155 117.413818359375 0.5 1.1075752605427154 1033
230 2.3 1.4266941236413044 1.2386963932134338 117.413818359375 0.5 1.1006970796130953 1050
240 0.6 1.9095052083333333 1.233478386828997 117.413818359375 0.5 1.1076849006873253 1073
250 0 0 0 117.413818359375 0.5 1.1121435863646896 1079
260 0 0 0 117.413818359375 0.5 1.1121435863646896 1079
262 0 0 0 117.413818359375 0.5 1.1121435863646896 1079
