0 0.1 4.128546566396833 0 4.128546566396833 4.128546566396833 0 0
10 0.1 2.649656526005888 0.0 4.128546566396833 2.649656526005888 4.128546566396833 1
20 0.1 1.3725490196078431 0.0 4.128546566396833 1.3725490196078431 3.3891015462013603 2
30 0.1 1.2807881773399015 0.0 4.128546566396833 1.2807881773399015 2.716917370670188 3
40 0.1 1.085883514313919 0.0 4.128546566396833 1.085883514313919 2.3578850723376164 4
50 0.1 1.5518913676042678 0.0 4.128546566396833 1.085883514313919 2.1034847607328766 5
60 0.1 1.1811023622047243 0.0 4.128546566396833 1.085883514313919 2.011552528544775 6
70 0.1 1.2770137524557956 0.0 4.128546566396833 1.085883514313919 1.8929167904961963 7
80 0.1 1.288404360753221 0.0 4.128546566396833 1.085883514313919 1.8159289107411463 8
90 0.1 1.3847675568743818 0.0 4.128546566396833 1.085883514313919 1.757315071853599 9
100 0.1 1.3658536585365855 0.0 4.128546566396833 1.085883514313919 1.7200603203556775 10
110 0.1 1.4720314033366046 0.0 4.128546566396833 1.085883514313919 1.6878597147357601 11
120 0.1 1.5841584158415842 0.0 4.128546566396833 1.085883514313919 1.6698740221191637 12
130 0.1 2.3099133782483157 0.0 4.128546566396833 1.085883514313919 1.6632805139439655 13
140 0.1 2.2308438409311346 0.0 4.128546566396833 1.085883514313919 1.7094685756799903 14
150 0.1 1.6881827209533267 0.0 4.128546566396833 1.085883514313919 1.7442269266967334 15
160 0.1 3.0563514804202483 0.0 4.128546566396833 1.085883514313919 1.7407241638377706 16
170 0.1 3.1853281853281854 0.0 4.128546566396833 1.085883514313919 1.818114005989681 17
180 0.1 2.9880478087649402 0.0 4.128546566396833 1.085883514313919 1.8940703492862647 18
190 0.1 3.934740882917467 0.0 4.128546566396833 1.085883514313919 1.9516481103114582 19
200 0.1 5.202312138728324 0.0 5.202312138728324 1.085883514313919 2.0508027489417584 20
210 0.1 5.125815470643056 0.0 5.202312138728324 1.085883514313919 2.2008746246458806 21
220 0.1 2.284011916583913 0.0 5.202312138728324 1.085883514313919 2.3338264812821157 22
230 0.1 1.8482490272373542 0.0 5.202312138728324 1.085883514313919 2.3316606306430634 23
240 0.1 2.283539486203616 0.0 5.202312138728324 1.085883514313919 2.311518480501159 24
250 0.1 1.7341040462427744 0.0 5.202312138728324 1.085883514313919 2.3103993207292572 25
260 0.1 1.083743842364532 0.0 5.202312138728324 1.083743842364532 2.2882341178643926 26
