0 0.1 3166.6875 0 3166.6875 3166.6875 0 0
10 0.1 3166.0546875 0.0 3166.6875 3166.0546875 3166.6875 1
20 0.1 3161.46484375 0.0 3166.6875 3161.46484375 3166.37109375 2
30 0.1 3164.1171875 0.0 3166.6875 3161.46484375 3164.7356770833335 3
40 0.1 3164.0078125 0.0 3166.6875 3161.46484375 3164.5810546875 4
50 0.1 3162.58203125 0.0 3166.6875 3161.46484375 3164.46640625 5
60 0.1 3163.07421875 0.0 3166.6875 3161.46484375 3164.15234375 6
70 0.1 3162.71875 0.0 3166.6875 3161.46484375 3163.9983258928573 7
80 0.1 3163.2265625 0.0 3166.6875 3161.46484375 3163.83837890625 8
90 0.1 3162.375 0.0 3166.6875 3161.46484375 3163.7703993055557 9
100 0.1 3161.05078125 0.0 3166.6875 3161.05078125 3163.630859375 10
110 0.1 3159.8515625 0.0 3166.6875 3159.8515625 3163.396306818182 11
120 0.1 3158.16796875 0.0 3166.6875 3158.16796875 3163.1009114583335 12
130 0.1 3152.94921875 0.0 3166.6875 3152.94921875 3162.721454326923 13
140 0.1 3147.89453125 0.0 3166.6875 3147.89453125 3162.0234375 14
150 0.1 3146.6953125 0.0 3166.6875 3146.6953125 3161.081510416667 15
160 0.1 3136.73828125 0.0 3166.6875 3136.73828125 3160.182373046875 16
170 0.1 3132.34765625 0.0 3166.6875 3132.34765625 3158.8033088235293 17
180 0.1 3131.16796875 0.0 3166.6875 3131.16796875 3157.333550347222 18
190 0.1 3130.33203125 0.0 3166.6875 3130.33203125 3155.956414473684 19
200 0.1 3131.43359375 0.0 3166.6875 3130.33203125 3154.6751953125 20
210 0.1 3130.5 0.0 3166.6875 3130.33203125 3153.5684523809523 21
220 0.1 3130.9609375 0.0 3166.6875 3130.33203125 3152.5198863636365 22
230 0.1 3129.1640625 0.0 3166.6875 3129.1640625 3151.5825407608695 23
240 0.1 3130.0234375 0.0 3166.6875 3129.1640625 3150.6484375 24
250 0.1 3137.66796875 0.0 3166.6875 3129.1640625 3149.8234375 25
260 0.1 3139.60546875 0.0 3166.6875 3129.1640625 3149.355919471154 26
