0 0.1 0.0 0 0.0 0.0 0 0
10 0.1 0.0 0.0 0.0 0.0 0.0 1
20 0.1 0.0 0.0 0.0 0.0 0.0 2
30 0.1 0.0 0.0 0.0 0.0 0.0 3
40 0.1 0.0 0.0 0.0 0.0 0.0 4
50 0.1 0.078125 0.0 0.078125 0.0 0.0 5
60 0.1 0.0703125 0.0 0.078125 0.0 0.013020833333333334 6
70 0.1 0.05859375 0.0 0.078125 0.0 0.021205357142857144 7
80 0.1 0.05078125 0.0 0.078125 0.0 0.02587890625 8
90 0.1 0.0390625 0.0 0.078125 0.0 0.028645833333333332 9
100 0.1 0.0390625 0.0 0.078125 0.0 0.0296875 10
110 0.1 0.03125 0.0 0.078125 0.0 0.030539772727272728 11
120 0.1 0.03125 0.0 0.078125 0.0 0.030598958333333332 12
130 0.1 0.01953125 0.0 0.078125 0.0 0.03064903846153846 13
140 0.1 0.01953125 0.0 0.078125 0.0 0.029854910714285716 14
150 0.1 0.01953125 0.0 0.078125 0.0 0.029166666666666667 15
160 0.1 0.01171875 0.0 0.078125 0.0 0.028564453125 16
170 0.1 0.01171875 0.0 0.078125 0.0 0.027573529411764705 17
180 0.1 0.078125 0.0 0.078125 0.0 0.026692708333333332 18
190 0.1 0.0703125 0.0 0.078125 0.0 0.02939967105263158 19
200 0.1 0.05859375 0.0 0.078125 0.0 0.0314453125 20
210 0.1 0.05078125 0.0 0.078125 0.0 0.03273809523809524 21
220 0.1 0.0390625 0.0 0.078125 0.0 0.03355823863636364 22
230 0.1 0.0390625 0.0 0.078125 0.0 0.033797554347826095 23
240 0.1 0.03125 0.0 0.078125 0.0 0.03401692708333334 24
250 0.1 0.03125 0.0 0.078125 0.0 0.033906250000000006 25
260 0.1 0.01953125 0.0 0.078125 0.0 0.03380408653846154 26
