0 2.1 189.84764462425596 144.602789045174 556.508056640625 9.18115234375 0 0
10 6.6 173.037109375 125.63587242524626 556.508056640625 7.43994140625 189.84764462425596 21
20 6.3 145.2516198536707 114.98270192444959 620.842041015625 7.43994140625 177.09482477999282 87
30 5.3 148.81653062352595 108.61443160740423 620.842041015625 7.43994140625 163.72067871093753 150
40 6.2 127.95629095262093 91.54944624895869 620.842041015625 6.517822265625 159.8294479294951 203
50 4.5 164.3322970920139 131.18031497192396 620.842041015625 6.517822265625 152.3723319575472 265
60 4.1 130.59751333841464 88.60488010510737 620.842041015625 6.517822265625 154.10845592867946 310
70 6.1 228.29090356045083 149.73225914068888 620.842041015625 6.517822265625 151.36216348936077 351
80 7.7 157.44315328226466 124.0360628621235 620.842041015625 6.517822265625 162.75209830571146 412
90 9 156.6018988715278 137.80690480783304 620.842041015625 6.517822265625 161.91612945743864 489
100 7.9 179.64786268789558 136.87993605563707 688.52099609375 6.517822265625 161.0900832523748 579
110 12.4 241.40669496597783 222.71694876102617 869.906982421875 6.517822265625 163.31814491712575 658
120 13.9 504.9754102967626 415.314682067609 1835.385009765625 6.517822265625 175.70047254635548 782
130 16.2 1379.5866623866707 636.2279919819716 4028.12890625 6.517822265625 225.3956043023887 921
140 14.1 2562.505637743795 1198.7233813683983 8206.90185546875 6.517822265625 398.0446822429738 1083
150 15.2 3328.0995419150895 1404.9319107452527 8556.964111328125 0.85400390625 647.38209623449 1224
160 33.8 3007.644812950722 3286.8813787673553 14697.578125 0.641845703125 943.5078605829283 1376
170 45.7 2205.307709608348 3287.6637749304614 20150.530029296875 0.641845703125 1350.5547041653756 1714
180 56.8 1917.531857772613 3057.167013430229 20736.93603515625 0.641845703125 1530.4819835239377 2171
190 82 1243.103412014102 2637.3417681826104 20736.93603515625 0.60400390625 1610.746433532425 2739
200 80.9 1378.347852709268 2809.1993866453045 20736.93603515625 0.595947265625 1526.0408202576218 3559
210 53.9 1989.6119681448583 3044.4590039353966 20736.93603515625 0.595947265625 1498.6865137680113 4368
220 27.3 3606.0833637391243 2968.541390191093 20736.93603515625 0.595947265625 1552.6112783714595 4907
230 16 4623.3591125488265 2128.633698835504 20736.93603515625 0.595947265625 1660.8348071948906 5180
240 16.2 3010.342717676986 2314.2178436489708 20736.93603515625 0.595947265625 1749.599580389016 5340
250 6.2 1181.4989171181955 1031.5788356196704 20736.93603515625 0.595947265625 1786.7206978446052 5502
260 0 0 0 20736.93603515625 0.595947265625 1779.9766736884158 5564
262 0.1 142.5791015625 0.0 20736.93603515625 0.595947265625 1779.9766736884158 5564
