10 0.1 365 0 365 365 0 0
20 0.1 1385.0 0.0 1385 365 365.0 1
30 0.1 983.0 0.0 1385 365 875.0 2
40 0.1 947.0 0.0 1385 365 911.0 3
50 0.1 1133.0 0.0 1385 365 920.0 4
60 0.1 522.0 0.0 1385 365 962.6 5
70 0.1 1186.0 0.0 1385 365 889.1666666666666 6
80 0.1 1371.0 0.0 1385 365 931.5714285714286 7
90 0.1 1413.0 0.0 1413 365 986.5 8
100 0.1 1929.0 0.0 1929 365 1033.888888888889 9
110 0.1 1386.0 0.0 1929 365 1123.4 10
120 0.1 2183.0 0.0 2183 365 1147.2727272727273 11
130 0.1 2852.0 0.0 2852 365 1233.5833333333333 12
140 0.1 2919.0 0.0 2919 365 1358.076923076923 13
150 0.1 2668.0 0.0 2919 365 1469.5714285714287 14
160 0.1 2941.0 0.0 2941 365 1549.4666666666667 15
170 0.1 3391.0 0.0 3391 365 1636.4375 16
180 0.1 3485.0 0.0 3485 365 1739.6470588235295 17
190 0.1 4259.0 0.0 4259 365 1836.611111111111 18
200 0.1 4660.0 0.0 4660 365 1964.1052631578948 19
210 0.1 4616.0 0.0 4660 365 2098.9 20
220 0.1 3996.0 0.0 4660 365 2218.7619047619046 21
230 0.1 3876.0 0.0 4660 365 2299.5454545454545 22
240 0.1 2762.0 0.0 4660 365 2368.086956521739 23
250 0.1 2520.0 0.0 4660 365 2384.5 24
260 0.1 271.0 0.0 4660 271 2389.92 25
