0 2.7 147.61183449074073 123.53399069771383 400.364990234375 9.18115234375 0 0
10 7.4 154.32288917335308 128.52466932030782 502.401123046875 7.43994140625 147.61183449074073 27
20 8.1 112.96181761188272 95.91085800618961 502.401123046875 7.43994140625 152.5288448522587 101
30 7.1 111.07808373679578 99.74876604725304 502.401123046875 7.2578125 134.91934371780565 182
40 7.5 105.76802734375 91.9856305958153 502.401123046875 6.517822265625 128.22871344645506 253
50 6.3 117.36474996899801 97.78865632264842 502.401123046875 6.517822265625 123.09288583150726 328
60 5.1 107.42445523131131 89.51270374680348 502.401123046875 6.517822265625 122.16993810941499 391
70 8.7 158.62208995599852 123.80119294617604 502.401123046875 6.517822265625 120.46853623886456 442
80 9.8 123.69698660714282 108.8669472637143 502.401123046875 6.517822265625 126.74331728497164 529
90 11.3 128.2226735342921 124.27956950415943 502.401123046875 6.517822265625 126.26717628588517 627
100 10 137.9504638671875 110.93323252686369 502.401123046875 6.517822265625 126.56578600084461 740
110 15.8 189.50266700454895 190.90946939845784 794.326171875 6.517822265625 127.92110479445687 840
120 17.4 413.5085715809088 344.3643184455546 1172.6201171875 6.517822265625 137.6704903948522 998
130 21.2 1102.0213058759584 402.9276790245761 2273.739013671875 6.517822265625 178.62256046855003 1172
140 17.9 2032.098735106058 558.3181601701995 3309.30810546875 6.517822265625 320.06803303095654 1384
150 18.1 2940.0003115827867 1080.0921749563754 5183.203125 0.606201171875 516.1355286620782 1563
160 42 2578.7964570545028 2671.633354667623 6171.4951171875 0.074951171875 767.6948897335508 1744
170 57.9 1799.1457165337592 2432.4673813823238 6171.4951171875 0.070068359375 1119.2025876424232 2164
180 72.6 1435.829819524255 2080.098054634043 6171.4951171875 0.06494140625 1262.7268572844514 2743
190 105.9 1011.9226961793258 1964.2351280261937 6171.4951171875 0.06494140625 1298.9542284536926 3469
200 106.5 1027.2848566332889 1835.4436057918635 6171.4951171875 0.06494140625 1231.82384137804 4528
210 73.7 1457.050837895927 1906.9895388136015 6171.4951171875 0.06494140625 1192.8762249372821 5593
220 36.7 2606.7336186297266 1599.3851097505283 6171.4951171875 0.06494140625 1223.6339958299395 6330
230 21.3 3259.7278943845367 330.33453682425466 6171.4951171875 0.06494140625 1299.4287638704834 6697
240 21.3 2066.127340540639 1131.2922624888668 6171.4951171875 0.06494140625 1359.8547718009454 6910
250 8.2 817.5714081554878 576.1388369042838 6171.4951171875 0.06494140625 1380.9745327361632 7123
260 0 0 0 6171.4951171875 0.06494140625 1374.562449985904 7205
262 0.1 142.5791015625 0.0 6171.4951171875 0.06494140625 1374.562449985904 7205
