10 0.1 223 0 223 223 0 0
20 0.1 724.0 0.0 724 223 223.0 1
30 0.1 485.0 0.0 724 223 473.5 2
40 0.1 533.0 0.0 724 223 477.3333333333333 3
50 0.1 535.0 0.0 724 223 491.25 4
60 0.1 283.0 0.0 724 223 500.0 5
70 0.1 532.0 0.0 724 223 463.8333333333333 6
80 0.1 616.0 0.0 724 223 473.57142857142856 7
90 0.1 741.0 0.0 741 223 491.375 8
100 0.1 945.0 0.0 945 223 519.1111111111111 9
110 0.1 709.0 0.0 945 223 561.7 10
120 0.1 1096.0 0.0 1096 223 575.0909090909091 11
130 0.1 1458.0 0.0 1458 223 618.5 12
140 0.1 1548.0 0.0 1548 223 683.0769230769231 13
150 0.1 1491.0 0.0 1548 223 744.8571428571429 14
160 0.1 1671.0 0.0 1671 223 794.6 15
170 0.1 2186.0 0.0 2186 223 849.375 16
180 0.1 2406.0 0.0 2406 223 928.0 17
190 0.1 3334.0 0.0 3334 223 1010.1111111111111 18
200 0.1 3882.0 0.0 3882 223 1132.421052631579 19
210 0.1 3710.0 0.0 3882 223 1269.9 20
220 0.1 2484.0 0.0 3882 223 1386.095238095238 21
230 0.1 1780.0 0.0 3882 223 1436.0 22
240 0.1 1217.0 0.0 3882 223 1450.9565217391305 23
250 0.1 1202.0 0.0 3882 223 1441.2083333333333 24
260 0.1 173.0 0.0 3882 173 1431.64 25
