0 0.1 3389.544921875 0 3389.544921875 3389.544921875 0 0
10 0.9 8436.276123046875 3263.931175200489 14528.197998046875 3389.544921875 3389.544921875 1
20 1.6 6223.08479309082 3049.46524417181 14528.197998046875 1777.404052734375 7931.603002929687 10
30 0.8 9098.233306884766 5403.763176046881 18333.26904296875 1777.404052734375 6880.207181490385 26
40 1 9236.79873046875 4427.15495481969 19293.088134765625 1777.404052734375 7402.0956815831805 34
50 1.3 11099.499624399039 6290.80748189193 21678.19189453125 1777.404052734375 7819.073647238992 44
60 0.5 9894.607373046874 3830.3961681890437 21678.19189453125 1777.404052734375 8567.240975363213 57
70 1.1 8154.413685191761 4800.241993395972 21678.19189453125 1066.0869140625 8674.286652595767 62
80 1.6 10250.003768920898 5093.138003912095 21678.19189453125 1066.0869140625 8595.949630110232 73
90 1.4 8486.038992745534 4273.831471406962 21678.19189453125 1066.0869140625 8893.307677536868 89
100 1.7 8991.911750344669 3703.8030237584453 21678.19189453125 1066.0869140625 8837.950768924455 103
110 1.7 7512.007510914522 4648.6312098089975 21678.19189453125 1066.0869140625 8859.761907958984 120
120 2.2 10270.699274236507 3513.096389927548 21678.19189453125 1066.0869140625 8692.522311245439 137
130 2.4 11879.837727864584 4242.809646915038 24982.051025390625 1066.0869140625 8910.886419332252 159
140 2.7 15259.504014756945 3193.901305117282 24982.051025390625 1066.0869140625 9300.257082746328 183
150 1.7 21028.7449017693 5548.185434098059 36868.873046875 1066.0869140625 10066.445974004837 210
160 4.2 20090.222952706474 8633.228822738827 39796.517822265625 1066.0869140625 10887.411091943144 227
170 8.1 19797.143093532984 8604.86313292628 39796.517822265625 905.662109375 12324.281345296526 269
180 8.6 19677.901571584298 9797.940996645888 41297.629150390625 291.64794921875 14053.715064174105 350
190 15.5 15476.330041897676 9773.522792008998 46481.077880859375 136.176025390625 15163.072953250427 436
200 15.2 14340.952482524668 9974.087028745309 51980.128173828125 117.18310546875 15245.230057717978 591
210 12 16203.713564046222 7839.434981181167 51980.128173828125 52.06005859375 15060.236529549225 743
220 7.5 22184.645729166667 7913.370747391207 51980.128173828125 52.06005859375 15219.236812445679 863
230 5.6 28140.529985700334 6001.884166608839 51980.128173828125 52.06005859375 15776.172493420172 938
240 4.6 28840.780899711277 8292.958101425833 51980.128173828125 52.06005859375 16472.756014112012 994
250 3.3 21558.140114524147 8084.398627826995 51980.128173828125 52.06005859375 17019.803268667365 1040
260 0.1 30858.702880859375 0.0 51980.128173828125 52.06005859375 17159.379331960256 1073
262 0 0 0 51980.128173828125 52.06005859375 17172.134754259045 1074
