0 286.77578125 286.77578125
10 922.621875 1209.39765625
20 1100.03125 2309.42890625
30 696.20625 3005.63515625
40 748.0078125 3753.64296875
50 676.346875 4429.98984375
60 556.875 4986.86484375
70 1700.0875 6686.95234375
80 1161.446875 7848.39921875
90 1418.1453125 9266.54453125
100 1248.52734375 10515.071875
110 1969.50390625 12484.57578125
120 2091.54609375 14576.121875
130 2449.86171875 17025.98359375
140 2352.59140625 19378.575
150 2261.7375 21640.3125
160 2552.99296875 24193.30546875
170 2474.6828125 26667.98828125
180 2764.89921875 29432.8875
190 2918.503125 32351.390625
200 2915.37890625 35266.76953125
210 2937.22890625 38203.9984375
220 2974.32890625 41178.32734375
230 2753.1234375 43931.45078125
240 2119.46171875 46050.9125
250 994.25 47045.1625
260 0 47045.1625
262 0.0734375 47045.2359375
