0 10.66640625 10.66640625
10 26.38125 37.04765625
20 38.20078125 75.2484375
30 30.71875 105.9671875
40 30.7015625 136.66875
50 32.371875 169.040625
60 19.696875 188.7375
70 41.62890625 230.36640625
80 41.88359375 272.25
90 48.7484375 320.9984375
100 43.925 364.9234375
110 66.82734375 431.75078125
120 75.990625 507.74140625
130 98.58203125 606.3234375
140 75.73984375 682.06328125
150 84.940625 767.00390625
160 142.44609375 909.45
170 190.11796875 1099.56796875
180 230.82734375 1330.3953125
190 293.61875 1624.0140625
200 317.3390625 1941.353125
210 263.515625 2204.86875
220 157.31171875 2362.18046875
230 89.38359375 2451.5640625
240 90.02265625 2541.58671875
250 31.48359375 2573.0703125
260 0.7359375 2573.80625
262 0 2573.80625
