0 1 11.3676025390625 30.991766416306113 104.3349609375 0.657958984375 0 0
10 1 0.9798095703125 0.4459802680301413 104.3349609375 0.60107421875 11.3676025390625 10
20 0.8 2.156890869140625 2.3754908592076838 104.3349609375 0.60107421875 6.1737060546875 20
30 0.9 0.6831597222222222 0.06490547661422102 104.3349609375 0.600830078125 5.026044573102679 28
40 1.3 0.8352426382211539 0.3203297457771226 104.3349609375 0.548828125 3.9696671769425675 37
50 1 0.8180908203125 0.3910161227014443 104.3349609375 0.52490234375 3.154716796875 50
60 1.6 1.084762573242188 0.5337904969439335 104.3349609375 0.52490234375 2.7652791341145835 60
70 1.5 0.8453450520833333 0.3250034242433312 104.3349609375 0.52490234375 2.4114861739309212 76
80 2.3 1.3758279551630435 1.2890466716515911 104.3349609375 0.52490234375 2.153331043956044 91
90 1.8 0.9859076605902778 0.44698677684703264 104.3349609375 0.52490234375 1.9964663856907894 114
100 2.6 0.7018385667067307 0.14657001136520065 104.3349609375 0.52490234375 1.8586629231770833 132
110 1.7 1.1810230928308822 0.8540759355668347 104.3349609375 0.52490234375 1.6682994214794304 158
120 4.9 1.3232820471938775 1.6806736237813624 104.3349609375 0.52490234375 1.6209640066964286 175
130 4.9 1.3008858816964286 1.1181703384260004 104.3349609375 0.52490234375 1.5558460780552454 224
140 2.5 0.7933203125 0.2986875202173361 104.3349609375 0.514892578125 1.510083991529304 273
150 6.9 0.9056414175724635 0.8211890893754525 104.3349609375 0.514892578125 1.4499528104026846 298
160 8.2 0.8010908917682927 0.49065859225933056 104.3349609375 0.498046875 1.3476163360013624 367
170 8.2 0.6576880478277439 0.2060895764144714 104.3349609375 0.498046875 1.2478054530902005 449
180 14.8 1.0265799857474667 1.045783411426488 104.3349609375 0.494873046875 1.1566762115995763 531
190 16.2 0.8541184413580247 0.694214569919672 104.3349609375 0.47509765625 1.1283194495581739 679
200 15.3 0.8895814185049018 1.005295722739609 104.3349609375 0.47509765625 1.0755007060047563 841
210 3.6 0.9526638454861113 0.7302555169153613 104.3349609375 0.47509765625 1.0468833508865694 994
220 2.1 0.8615025111607143 0.4078968062070263 104.3349609375 0.47509765625 1.0435902419599514 1030
230 2 0.73262939453125 0.2844574952726217 104.3349609375 0.47509765625 1.0399519523816603 1051
240 0.9 0.6404351128472222 0.049833106320290664 104.3349609375 0.47509765625 1.0342129690417834 1071
250 0 0 0 104.3349609375 0.47509765625 1.0309314869068287 1080
254 0 0 0 104.3349609375 0.47509765625 1.0309314869068287 1080
