0 0.1 5.494767588124402 0 5.494767588124402 5.494767588124402 0 0
10 0.1 2.7370478983382207 0.0 5.494767588124402 2.7370478983382207 5.494767588124402 1
20 0.1 1.2833168805528135 0.0 5.494767588124402 1.2833168805528135 4.115907743231311 2
30 0.1 0.9852216748768473 0.0 5.494767588124402 0.9852216748768473 3.1717107890051452 3
40 0.1 1.5717092337917484 0.0 5.494767588124402 0.9852216748768473 2.625088510473071 4
50 0.1 1.1904761904761905 0.0 5.494767588124402 0.9852216748768473 2.4144126551368066 5
60 0.1 1.0912698412698412 0.0 5.494767588124402 0.9852216748768473 2.210423244360037 6
70 0.1 1.46484375 0.0 5.494767588124402 0.9852216748768473 2.0505441867757237 7
80 0.1 1.3712047012732616 0.0 5.494767588124402 0.9852216748768473 1.9773316321787582 8
90 0.1 2.015355086372361 0.0 5.494767588124402 0.9852216748768473 1.9099841954114807 9
100 0.1 1.3685239491691104 0.0 5.494767588124402 0.9852216748768473 1.9205212845075685 10
110 0.1 1.8700787401574805 0.0 5.494767588124402 0.9852216748768473 1.8703397085677087 11
120 0.1 1.949317738791423 0.0 5.494767588124402 0.9852216748768473 1.8703179612001897 12
130 0.1 1.977401129943503 0.0 5.494767588124402 0.9852216748768473 1.876394867168746 13
140 0.1 2.425373134328358 0.0 5.494767588124402 0.9852216748768473 1.8836096002240856 14
150 0.1 1.9474196689386565 0.0 5.494767588124402 0.9852216748768473 1.9197271691643705 15
160 0.1 2.6548672566371683 0.0 5.494767588124402 0.9852216748768473 1.9214579504002633 16
170 0.1 2.665350444225074 0.0 5.494767588124402 0.9852216748768473 1.9645996742965521 17
180 0.1 3.20962888665998 0.0 5.494767588124402 0.9852216748768473 2.0035302726259143 18
190 0.1 3.984819734345351 0.0 5.494767588124402 0.9852216748768473 2.06700914704876 19
200 0.1 4.31924882629108 0.0 5.494767588124402 0.9852216748768473 2.1628996764135895 20
210 0.1 4.625984251968504 0.0 5.494767588124402 0.9852216748768473 2.2655829692648988 21
220 0.1 2.5193798449612403 0.0 5.494767588124402 0.9852216748768473 2.3728739366605174 22
230 0.1 2.3483365949119372 0.0 5.494767588124402 0.9852216748768473 2.379243758760549 23
240 0.1 1.6815034619188922 0.0 5.494767588124402 0.9852216748768473 2.3779559602668567 24
250 0.1 1.5810276679841897 0.0 5.494767588124402 0.9852216748768473 2.3500978603329385 25
254 0.1 0.8875739644970414 0.0 5.494767588124402 0.8875739644970414 2.3205182375502944 26
