0 0.1 3164.74609375 0 3164.74609375 3164.74609375 0 0
10 0.1 3166.31640625 0.0 3166.31640625 3164.74609375 3164.74609375 1
20 0.1 3164.99609375 0.0 3166.31640625 3164.74609375 3165.53125 2
30 0.1 3165.28515625 0.0 3166.31640625 3164.74609375 3165.3528645833335 3
40 0.1 3164.78125 0.0 3166.31640625 3164.74609375 3165.3359375 4
50 0.1 3164.3359375 0.0 3166.31640625 3164.3359375 3165.225 5
60 0.1 3164.19140625 0.0 3166.31640625 3164.19140625 3165.0768229166665 6
70 0.1 3163.4765625 0.0 3166.31640625 3163.4765625 3164.9503348214284 7
80 0.1 3163.953125 0.0 3166.31640625 3163.4765625 3164.76611328125 8
90 0.1 3161.921875 0.0 3166.31640625 3161.921875 3164.67578125 9
100 0.1 3161.4453125 0.0 3166.31640625 3161.4453125 3164.400390625 10
110 0.1 3160.7265625 0.0 3166.31640625 3160.7265625 3164.131747159091 11
120 0.1 3160.59765625 0.0 3166.31640625 3160.59765625 3163.8479817708335 12
130 0.1 3159.15234375 0.0 3166.31640625 3159.15234375 3163.597956730769 13
140 0.1 3155.91015625 0.0 3166.31640625 3155.91015625 3163.2804129464284 14
150 0.1 3154.10546875 0.0 3166.31640625 3154.10546875 3162.7890625 15
160 0.1 3152.41015625 0.0 3166.31640625 3152.41015625 3162.246337890625 16
170 0.1 3142.69921875 0.0 3166.31640625 3142.69921875 3161.6677389705883 17
180 0.1 3139.6171875 0.0 3166.31640625 3139.6171875 3160.6139322916665 18
190 0.1 3130.5 0.0 3166.31640625 3130.5 3159.5088404605262 19
200 0.1 3130.19921875 0.0 3166.31640625 3130.19921875 3158.0583984375 20
210 0.1 3129.90625 0.0 3166.31640625 3129.90625 3156.7317708333335 21
220 0.1 3132.5859375 0.0 3166.31640625 3129.90625 3155.5124289772725 22
230 0.1 3132.34375 0.0 3166.31640625 3129.90625 3154.515625 23
240 0.1 3132.7265625 0.0 3166.31640625 3129.90625 3153.591796875 24
250 0.1 3133.4765625 0.0 3166.31640625 3129.90625 3152.7571875 25
254 0.1 3133.62109375 0.0 3166.31640625 3129.90625 3152.015625 26
