0 0.1 0.078125 0 0.078125 0.078125 0 0
10 0.1 0.05859375 0.0 0.078125 0.05859375 0.078125 1
20 0.1 0.05078125 0.0 0.078125 0.05078125 0.068359375 2
30 0.1 0.05078125 0.0 0.078125 0.05078125 0.0625 3
40 0.1 0.0390625 0.0 0.078125 0.0390625 0.0595703125 4
50 0.1 0.03125 0.0 0.078125 0.03125 0.05546875 5
60 0.1 0.03125 0.0 0.078125 0.03125 0.051432291666666664 6
70 0.1 0.01953125 0.0 0.078125 0.01953125 0.048549107142857144 7
80 0.1 0.01953125 0.0 0.078125 0.01953125 0.044921875 8
90 0.1 0.01953125 0.0 0.078125 0.01953125 0.04210069444444445 9
100 0.1 0.01171875 0.0 0.078125 0.01171875 0.03984375 10
110 0.1 0.01171875 0.0 0.078125 0.01171875 0.037286931818181816 11
120 0.1 0.01171875 0.0 0.078125 0.01171875 0.03515625 12
130 0.1 0.078125 0.0 0.078125 0.01171875 0.033353365384615384 13
140 0.1 0.05859375 0.0 0.078125 0.01171875 0.03655133928571429 14
150 0.1 0.05078125 0.0 0.078125 0.01171875 0.03802083333333333 15
160 0.1 0.05078125 0.0 0.078125 0.01171875 0.038818359375 16
170 0.1 0.0390625 0.0 0.078125 0.01171875 0.03952205882352941 17
180 0.1 0.03125 0.0 0.078125 0.01171875 0.039496527777777776 18
190 0.1 0.03125 0.0 0.078125 0.01171875 0.0390625 19
200 0.1 0.01953125 0.0 0.078125 0.01171875 0.038671875 20
210 0.1 0.01953125 0.0 0.078125 0.01171875 0.037760416666666664 21
220 0.1 0.01953125 0.0 0.078125 0.01171875 0.036931818181818184 22
230 0.1 0.08984375 0.0 0.08984375 0.01171875 0.03617527173913043 23
240 0.1 0.0703125 0.0 0.08984375 0.01171875 0.038411458333333336 24
250 0.1 0.05859375 0.0 0.08984375 0.01171875 0.0396875 25
254 0.1 0.05078125 0.0 0.08984375 0.01171875 0.040414663461538464 26
