0 2.8 96.78282819475446 241.0213672810662 1126.126953125 8.30908203125 0 0
10 5.9 116.86083984375001 170.39606565460025 1126.126953125 7.137939453125 96.78282819475446 28
20 3.4 88.97896082261029 127.40428734622138 1126.126953125 7.137939453125 110.39895103717673 87
30 5.7 77.87389922560305 90.82261512331118 1126.126953125 7.137939453125 104.38011081159607 121
40 6.4 48.60074234008791 84.92819167046608 1126.126953125 7.137939453125 95.89216665203652 178
50 6 123.71067708333331 185.85120418913314 1126.126953125 7.137939453125 83.38534369350465 242
60 6.1 52.1998230981045 77.20612438900378 1126.126953125 7.137939453125 91.39699933386797 302
70 8.4 113.61330450148807 143.43499145303224 1126.126953125 7.0009765625 84.81014602703168 363
80 8.9 65.43406282917837 111.29437686523568 1126.126953125 7.0009765625 90.22282010276845 447
90 11.1 88.9087749859234 118.80949384672086 1126.126953125 7.0009765625 86.10677645099697 536
100 12 93.79283447265625 132.94887593331524 1126.126953125 7.0009765625 86.5874902645624 647
110 10 67.15438720703122 92.00467479266196 1126.126953125 7.0009765625 87.71479313936196 767
120 17.9 211.7248289651711 296.7812491894132 1677.7138671875 7.0009765625 85.34335070195358 867
130 20.5 544.7686999809451 531.8122237632178 2662.31689453125 7.0009765625 106.97077384642388 1046
140 23.5 921.9420773769947 640.7009688566393 3281.1201171875 7.0009765625 178.7122405591152 1251
150 21.9 324.02791006706633 363.9318706195305 3281.1201171875 7.0009765625 296.2485875659804 1486
160 29.3 1023.7372388611882 649.9478360891187 3739.69482421875 7.0009765625 299.816723418026 1705
170 28.5 2419.4780410498897 1077.160512345383 6379.944091796875 1.115966796875 405.9772394464777 1998
180 59 1737.5928917836327 2057.3887783161013 10487.567138671875 0.637939453125 657.3341069265357 2283
190 84.1 1217.4942959344357 1858.9613683573132 11300.4580078125 0.630126953125 879.1763217074919 2873
200 78 1403.7403345352564 1675.6275418572368 11300.4580078125 0.630126953125 955.7852114018536 3714
210 48.1 1941.6535395822505 1736.636059302987 11300.4580078125 0.630126953125 1033.5344317053814 4494
220 26.5 3687.3188808225236 2271.1997894300985 11300.4580078125 0.630126953125 1121.3344901754867 4975
230 17.7 2740.089923750881 1746.1570864812654 11300.4580078125 0.630126953125 1251.102784740652 5240
240 15.3 1545.9854297513284 1228.4705081536617 11300.4580078125 0.630126953125 1299.7553089431276 5417
250 2.4 101.93629964192708 111.15680510666161 11300.4580078125 0.630126953125 1306.5189011304983 5570
254 0.1 215.68896484375 0.0 11300.4580078125 0.630126953125 1301.3508670876442 5594
