10 0.1 598 0 598 598 0 0
20 0.1 1279.0 0.0 1279 598 598.0 1
30 0.1 556.0 0.0 1279 556 938.5 2
40 0.1 1045.0 0.0 1279 556 811.0 3
50 0.1 1157.0 0.0 1279 556 869.5 4
60 0.1 1030.0 0.0 1279 556 927.0 5
70 0.1 1267.0 0.0 1279 556 944.1666666666666 6
80 0.1 1468.0 0.0 1468 556 990.2857142857143 7
90 0.1 1914.0 0.0 1914 556 1050.0 8
100 0.1 1783.0 0.0 1914 556 1146.0 9
110 0.1 2341.0 0.0 2341 556 1209.7 10
120 0.1 2010.0 0.0 2341 556 1312.5454545454545 11
130 0.1 4062.0 0.0 4062 556 1370.6666666666667 12
140 0.1 4004.0 0.0 4062 556 1577.6923076923076 13
150 0.1 4201.0 0.0 4201 556 1751.0 14
160 0.1 4540.0 0.0 4540 556 1914.3333333333333 15
170 0.1 4694.0 0.0 4694 556 2078.4375 16
180 0.1 5268.0 0.0 5268 556 2232.294117647059 17
190 0.1 6116.0 0.0 6116 556 2400.9444444444443 18
200 0.1 7677.0 0.0 7677 556 2596.4736842105262 19
210 0.1 7249.0 0.0 7677 556 2850.5 20
220 0.1 5070.0 0.0 7677 556 3059.9523809523807 21
230 0.1 3923.0 0.0 7677 556 3151.318181818182 22
240 0.1 2918.0 0.0 7677 556 3184.8695652173915 23
250 0.1 1905.0 0.0 7677 556 3173.75 24
254 0.1 130.0 0.0 7677 130 3123.0 25
