0 3.3 83.11103219696972 193.08858003065842 886.44189453125 8.30908203125 0 0
10 8.1 85.75346920814044 133.42426493869593 886.44189453125 6.887939453125 83.11103219696972 33
20 4.5 65.31943359375 104.40233046775369 886.44189453125 6.887939453125 84.98855323122261 114
30 7.4 59.975186734586146 75.04411106539476 886.44189453125 6.887939453125 79.42182125835299 159
40 7.5 41.466347656249994 75.90039313102118 886.44189453125 6.887939453125 73.24563690316523 233
50 8.5 87.31303998161762 145.69224969264974 886.44189453125 6.887939453125 65.50717361252029 308
60 7.3 43.61009738869863 59.73889606530751 886.44189453125 6.878173828125 70.22345514273219 393
70 11.2 85.19915771484375 118.59189926691893 886.44189453125 6.878173828125 66.05440982933209 466
80 11.8 49.34052030918962 90.3947572745819 886.44189453125 6.878173828125 69.7641187621648 578
90 14.3 69.00335821405154 96.0993110097826 886.44189453125 6.878173828125 66.30149718536728 696
100 15.5 72.6044701360887 105.78929569340563 886.44189453125 6.878173828125 66.76200508417759 839
110 12.8 52.45507240295412 76.84837511858278 886.44189453125 6.878173828125 67.67305345746351 994
120 23 166.49922193444286 246.01113799765668 1458.38916015625 6.878173828125 65.93695579705603 1122
130 27.6 423.71081896795744 412.3048949922573 2425.971923828125 6.878173828125 83.0444419003097 1352
140 30.1 702.8381647762665 418.73134626803375 2786.090087890625 6.878173828125 140.79869255796987 1628
150 28.6 246.1182596700175 287.21000170677854 2786.090087890625 6.878173828125 228.4989938216854 1929
160 36.7 867.69560985929 442.5465845309077 2922.305908203125 6.878173828125 230.77398706440457 2215
170 36.4 1993.9788979331215 363.75409151042317 3814.633056640625 1.115966796875 321.30467473509515 2582
180 75.6 1372.5839985842417 1355.8208871769154 4325.27099609375 0.069091796875 527.9758957955437 2946
190 107.9 953.9492017800758 1306.931364764779 4955.658935546875 0.066162109375 700.4566428804318 3702
200 98.3 1114.133202926309 1181.6609160366347 4955.658935546875 0.066162109375 757.6661118310103 4781
210 64.1 1517.9972527514383 1140.277507405462 4955.658935546875 0.06591796875 818.4584696635361 5764
220 34.7 2642.859601551241 841.8163104650863 5188.449951171875 0.06591796875 888.4669567766267 6405
230 23.6 1894.7472637629096 593.053187144275 5188.449951171875 0.06591796875 978.6290195338529 6752
240 20.7 1074.2938615734454 728.8410181841443 5188.449951171875 0.06591796875 1009.568330586809 6988
250 3.9 62.71195162259615 89.4958270901531 5188.449951171875 0.06591796875 1011.4304827639089 7195
254 0.2 107.8228759765625 59.1419677734375 5188.449951171875 0.06591796875 1006.3157436549081 7234
