10 0.1 392 0 392 392 0 0
20 0.1 696.0 0.0 696 392 392.0 1
30 0.1 356.0 0.0 696 356 544.0 2
40 0.1 656.0 0.0 696 356 481.3333333333333 3
50 0.1 743.0 0.0 743 356 525.0 4
60 0.1 551.0 0.0 743 356 568.6 5
70 0.1 711.0 0.0 743 356 565.6666666666666 6
80 0.1 712.0 0.0 743 356 586.4285714285714 7
90 0.1 1029.0 0.0 1029 356 602.125 8
100 0.1 1045.0 0.0 1045 356 649.5555555555555 9
110 0.1 1327.0 0.0 1327 356 689.1 10
120 0.1 1103.0 0.0 1327 356 747.0909090909091 11
130 0.1 1973.0 0.0 1973 356 776.75 12
140 0.1 1922.0 0.0 1973 356 868.7692307692307 13
150 0.1 2119.0 0.0 2119 356 944.0 14
160 0.1 2732.0 0.0 2732 356 1022.3333333333334 15
170 0.1 2725.0 0.0 2732 356 1129.1875 16
180 0.1 3260.0 0.0 3260 356 1223.0588235294117 17
190 0.1 4134.0 0.0 4134 356 1336.2222222222222 18
200 0.1 4861.0 0.0 4861 356 1483.4736842105262 19
210 0.1 5054.0 0.0 5054 356 1652.35 20
220 0.1 3065.0 0.0 5054 356 1814.3333333333333 21
230 0.1 2211.0 0.0 5054 356 1871.1818181818182 22
240 0.1 1737.0 0.0 5054 356 1885.9565217391305 23
250 0.1 1094.0 0.0 5054 356 1879.75 24
254 0.1 75.0 0.0 5054 75 1848.32 25
