0 0.3 3354.358642578125 2258.547192268904 6499.869140625 1301.10791015625 0 0
10 0.9 7367.836181640625 4366.10827300466 15063.466064453125 1301.10791015625 3354.358642578125 3
20 0.8 9249.495483398438 6118.898655407355 19959.236083984375 1108.157958984375 6364.466796875 12
30 1.2 10437.955607096354 5294.728036492551 22628.968994140625 1108.157958984375 7518.478271484375 20
40 1.1 5884.083429509943 4451.470249280454 22628.968994140625 879.14599609375 8613.282272338867 32
50 1.2 6889.895426432292 3242.167808533768 22628.968994140625 879.14599609375 7915.11512649891 43
60 1.1 7576.789040305398 4377.438650695641 22628.968994140625 879.14599609375 7691.430828302557 55
70 1.8 6710.335150824652 3943.7238398979293 22628.968994140625 879.14599609375 7672.323863636364 66
80 0.9 6724.161783854167 3795.1779920078093 22628.968994140625 879.14599609375 7466.183425176711 84
90 2 7982.737658691406 6130.40507750499 23161.65087890625 879.14599609375 7394.374879242271 93
100 2.3 9228.827243970787 4866.845091714424 23161.65087890625 879.14599609375 7498.509884454507 113
110 2.2 7469.544588955966 4815.666569738866 23161.65087890625 765.218994140625 7791.1370849609375 136
120 2.6 8658.103675255408 4607.602631984882 23161.65087890625 765.218994140625 7746.358382985562 158
130 3.3 9631.237585819128 4105.393285690697 23161.65087890625 765.218994140625 7875.191956893257 184
140 4.8 11478.818974812822 4288.031275385464 23161.65087890625 765.218994140625 8142.240370508713 217
150 3.6 11342.828097873264 5012.968494638232 23161.65087890625 765.218994140625 8746.601778080778 265
160 3.4 11646.967809340531 5815.095323195183 29695.2119140625 765.218994140625 9057.113896062603 301
170 5.1 15698.856435738358 3534.687978667739 29695.2119140625 765.218994140625 9319.964740992304 335
180 7.7 17454.859495484976 6869.535011640383 36669.154052734375 765.218994140625 10162.771674754089 386
190 14.2 13914.7597587478 6715.381496529596 36669.154052734375 749.662841796875 11375.494703255768 463
200 16 15076.903010559083 6675.470624254138 40226.72509765625 749.662841796875 11971.487493139848 605
210 11 16051.742555930397 6777.219424283847 40226.72509765625 749.662841796875 12620.986163449756 765
220 8.5 21201.794832835487 6358.402477772871 45131.255126953125 749.662841796875 13052.281252790179 875
230 5.7 25881.94659316749 6291.019787434959 45131.255126953125 749.662841796875 13773.852767690023 960
240 4.9 20462.640515385843 8816.246003587776 45131.255126953125 749.662841796875 14452.477495371651 1017
250 1 14005.050927734375 3524.2699933580807 45131.255126953125 749.662841796875 14728.742024434217 1066
254 0.1 31131.777099609375 0.0 45131.255126953125 749.662841796875 14722.016270747416 1076
