0 410.42578125 410.42578125
10 996.73046875 1407.15625
20 642.9125 2050.06875
30 819.70234375 2869.77109375
40 914.828125 3784.59921875
50 1066.39921875 4850.9984375
60 840.27109375 5691.26953125
70 1382.234375 7073.50390625
80 1460.78125 8534.28515625
90 1649.7140625 10183.99921875
100 1925.94375 12109.94296875
110 1698.5265625 13808.46953125
120 2894.59375 16703.06328125
130 3757.81484375 20460.878125
140 3761.8765625 24222.7546875
150 3239.0015625 27461.75625
160 4055.14296875 31516.89921875
170 4275.0953125 35791.99453125
180 4518.75859375 40310.753125
190 5123.31484375 45434.06796875
200 6035.9890625 51470.05703125
210 4452.0578125 55922.11484375
220 3727.4109375 59649.52578125
230 2541.3390625 62190.86484375
240 2118.8546875 64309.71953125
250 293.87265625 64603.5921875
254 21.34609375 64624.93828125
