0 11.79765625 11.79765625
10 38.325 50.12265625
20 19.584375 69.70703125
30 34.79765625 104.5046875
40 28.36796875 132.87265625
50 40.35234375 173.225
60 28.740625 201.965625
70 51.29921875 253.26484375
80 50.57265625 303.8375
90 63.178125 367.015625
100 69.1953125 436.2109375
110 56.36484375 492.57578125
120 98.1265625 590.70234375
130 128.06875 718.77109375
140 134.1015625 852.87265625
150 121.86171875 974.734375
160 166.14296875 1140.87734375
170 167.2984375 1308.17578125
180 268.06796875 1576.24375
190 367.25 1943.49375
200 337.6453125 2281.1390625
210 279.10390625 2560.24296875
220 142.4046875 2702.64765625
230 104.8765625 2807.52421875
240 89.90234375 2897.4265625
250 21.628125 2919.0546875
254 1.30546875 2920.36015625
