0 0.8 15.283843994140625 35.043609498458544 107.89990234375 0.7109375 0 0
10 1 0.9838623046875 0.3705362802688294 107.89990234375 0.621826171875 15.283843994140625 8
20 1.3 1.1148775540865385 0.5303332295200871 107.89990234375 0.621826171875 7.339409722222222 18
30 0.6 1.822509765625 1.332191286140566 107.89990234375 0.621826171875 4.729122038810484 31
40 0.6 0.713623046875 0.07769146474519938 107.89990234375 0.613037109375 4.257779508023648 37
50 0.8 0.79559326171875 0.07396521681778884 107.89990234375 0.613037109375 3.7632460483284875 43
60 2 1.26329345703125 1.1913593932771462 107.89990234375 0.613037109375 3.2977318857230387 51
70 2.3 0.9302500849184783 0.3216597091468517 107.89990234375 0.5849609375 2.724650638204225 71
80 1.9 0.7161672491776315 0.259899994585936 107.89990234375 0.51708984375 2.2855951836768615 94
90 1.7 0.8350183823529411 0.32782730285394707 107.89990234375 0.51708984375 2.02170907079646 113
100 1.2 0.9976603190104166 0.5006921017183118 107.89990234375 0.51708984375 1.866526442307692 130
110 2.4 0.7704976399739584 0.31114216079578294 107.89990234375 0.51708984375 1.793101136113556 142
120 4.5 1.0648871527777777 0.8008528496201228 107.89990234375 0.51708984375 1.64525484751506 166
130 4.8 1.0338287353515625 0.7811880943984362 107.89990234375 0.51708984375 1.5214797467417058 211
140 2.8 1.2051304408482142 1.0175899892086453 107.89990234375 0.51708984375 1.4311042697273164 259
150 7.4 1.0551757812499998 0.7930444623617744 107.89990234375 0.51708984375 1.409058042519599 287
160 8.3 1.41978656814759 1.3364999970177383 107.89990234375 0.51708984375 1.3365170803756923 361
170 8.3 1.3670610175075304 0.9364818600710989 107.89990234375 0.51708984375 1.3520832233600786 444
180 11.3 0.9245519047289821 0.6469736581912642 107.89990234375 0.51708984375 1.3544421548861478 527
190 17.4 1.0277155733656607 0.9331464140922388 107.89990234375 0.51708984375 1.2785396575927732 640
200 14.3 1.3713344760708042 1.6152190285255104 107.89990234375 0.51708984375 1.2249236985565108 814
210 2.4 1.5617574055989583 1.4052018647799696 107.89990234375 0.51708984375 1.2468011710586466 957
220 1.9 1.1938990542763157 0.8567103331500984 107.89990234375 0.51708984375 1.254506522362385 981
230 1.7 0.8958955652573529 0.32831757030440933 107.89990234375 0.51708984375 1.2533549804687498 1000
240 1.4 0.7645961216517857 0.24565674226514955 107.89990234375 0.51708984375 1.2473797493393557 1017
250 0 0 0 107.89990234375 0.51708984375 1.240824006577352 1031
252 0 0 0 107.89990234375 0.51708984375 1.240824006577352 1031
