0 0.1 5.114601385234528 0 5.114601385234528 5.114601385234528 0 0
10 0.1 1.9627085377821394 0.0 5.114601385234528 1.9627085377821394 5.114601385234528 1
20 0.1 1.5655577299412915 0.0 5.114601385234528 1.5655577299412915 3.5386549615083336 2
30 0.1 1.2732615083251715 0.0 5.114601385234528 1.2732615083251715 2.8809558843193197 3
40 0.1 1.4720314033366046 0.0 5.114601385234528 1.2732615083251715 2.4790322903207826 4
50 0.1 1.2858555885262115 0.0 5.114601385234528 1.2732615083251715 2.277632112923947 5
60 0.1 1.1846001974333662 0.0 5.114601385234528 1.1846001974333662 2.1123360255243244 6
70 0.1 1.5732546705998034 0.0 5.114601385234528 1.1846001974333662 1.9798023357970445 7
80 0.1 1.5625 0.0 5.114601385234528 1.1846001974333662 1.9289838776473893 8
90 0.1 1.7733990147783252 0.0 5.114601385234528 1.1846001974333662 1.888263446797679 9
100 0.1 1.4807502467917077 0.0 5.114601385234528 1.1846001974333662 1.8767770035957436 10
110 0.1 1.376597836774828 0.0 5.114601385234528 1.1846001974333662 1.840774571159013 11
120 0.1 1.6765285996055226 0.0 5.114601385234528 1.1846001974333662 1.8020931766269976 12
130 0.1 2.3099133782483157 0.0 5.114601385234528 1.1846001974333662 1.792434363009961 13
140 0.1 2.4295432458697768 0.0 5.114601385234528 1.1846001974333662 1.8293971498127006 14
150 0.1 2.0710059171597637 0.0 5.114601385234528 1.1846001974333662 1.869406889549839 15
160 0.1 2.999062792877226 0.0 5.114601385234528 1.1846001974333662 1.8820068287754592 16
170 0.1 3.5166816952209197 0.0 5.114601385234528 1.1846001974333662 1.9477160031343868 17
180 0.1 3.2080659945004584 0.0 5.114601385234528 1.1846001974333662 2.0348807638058606 18
190 0.1 4.448563484708063 0.0 5.114601385234528 1.1846001974333662 2.0966273548950496 19
200 0.1 5.947955390334572 0.0 5.947955390334572 1.1846001974333662 2.2142241613857 20
210 0.1 4.732690622261174 0.0 5.947955390334572 1.1846001974333662 2.3920208865737416 21
220 0.1 3.2227488151658767 0.0 5.947955390334572 1.1846001974333662 2.498414965468625 22
230 0.1 1.7408123791102514 0.0 5.947955390334572 1.1846001974333662 2.5299077415424187 23
240 0.1 1.75609756097561 0.0 5.947955390334572 1.1846001974333662 2.497028768107745 24
250 0.1 1.3861386138613863 0.0 5.947955390334572 1.1846001974333662 2.46739151982246 25
