0 0.1 3166.84375 0 3166.84375 3166.84375 0 0
10 0.1 3165.00390625 0.0 3166.84375 3165.00390625 3166.84375 1
20 0.1 3164.30859375 0.0 3166.84375 3164.30859375 3165.923828125 2
30 0.1 3163.8125 0.0 3166.84375 3163.8125 3165.3854166666665 3
40 0.1 3162.75 0.0 3166.84375 3162.75 3164.9921875 4
50 0.1 3164.453125 0.0 3166.84375 3162.75 3164.54375 5
60 0.1 3164.4609375 0.0 3166.84375 3162.75 3164.5286458333335 6
70 0.1 3162.66015625 0.0 3166.84375 3162.66015625 3164.518973214286 7
80 0.1 3160.85546875 0.0 3166.84375 3160.85546875 3164.28662109375 8
90 0.1 3163.78515625 0.0 3166.84375 3160.85546875 3163.9053819444443 9
100 0.1 3160.87109375 0.0 3166.84375 3160.85546875 3163.893359375 10
110 0.1 3160.51953125 0.0 3166.84375 3160.51953125 3163.6186079545455 11
120 0.1 3160.28125 0.0 3166.84375 3160.28125 3163.3603515625 12
130 0.1 3154.359375 0.0 3166.84375 3154.359375 3163.123497596154 13
140 0.1 3150.87109375 0.0 3166.84375 3150.87109375 3162.497488839286 14
150 0.1 3153.91015625 0.0 3166.84375 3150.87109375 3161.7223958333334 15
160 0.1 3148.23046875 0.0 3166.84375 3148.23046875 3161.234130859375 16
170 0.1 3139.80859375 0.0 3166.84375 3139.80859375 3160.4692095588234 17
180 0.1 3141.765625 0.0 3166.84375 3139.80859375 3159.3213975694443 18
190 0.1 3128.51953125 0.0 3166.84375 3128.51953125 3158.3974095394738 19
200 0.1 3112.203125 0.0 3166.84375 3112.203125 3156.903515625 20
210 0.1 3107.76171875 0.0 3166.84375 3107.76171875 3154.774925595238 21
220 0.1 3111.85546875 0.0 3166.84375 3107.76171875 3152.6379616477275 22
230 0.1 3114.5 0.0 3166.84375 3107.76171875 3150.8648097826085 23
240 0.1 3125.8984375 0.0 3166.84375 3107.76171875 3149.349609375 24
250 0.1 3139.8359375 0.0 3166.84375 3107.76171875 3148.4115625 25
