0 0.1 0.08984375 0 0.08984375 0.08984375 0 0
10 0.1 0.078125 0.0 0.08984375 0.078125 0.08984375 1
20 0.1 0.1484375 0.0 0.1484375 0.078125 0.083984375 2
30 0.1 0.12890625 0.0 0.1484375 0.078125 0.10546875 3
40 0.1 0.109375 0.0 0.1484375 0.078125 0.111328125 4
50 0.1 0.08984375 0.0 0.1484375 0.078125 0.1109375 5
60 0.1 0.078125 0.0 0.1484375 0.078125 0.107421875 6
70 0.1 0.05859375 0.0 0.1484375 0.05859375 0.10323660714285714 7
80 0.1 0.05078125 0.0 0.1484375 0.05078125 0.09765625 8
90 0.1 0.05078125 0.0 0.1484375 0.05078125 0.09244791666666667 9
100 0.1 0.0390625 0.0 0.1484375 0.0390625 0.08828125 10
110 0.1 0.03125 0.0 0.1484375 0.03125 0.08380681818181818 11
120 0.1 0.03125 0.0 0.1484375 0.03125 0.07942708333333333 12
130 0.1 0.01953125 0.0 0.1484375 0.01953125 0.07572115384615384 13
140 0.1 0.01953125 0.0 0.1484375 0.01953125 0.07170758928571429 14
150 0.1 0.01953125 0.0 0.1484375 0.01953125 0.06822916666666666 15
160 0.1 0.01171875 0.0 0.1484375 0.01171875 0.065185546875 16
170 0.1 0.01171875 0.0 0.1484375 0.01171875 0.06204044117647059 17
180 0.1 0.01171875 0.0 0.1484375 0.01171875 0.059244791666666664 18
190 0.1 0.01171875 0.0 0.1484375 0.01171875 0.05674342105263158 19
200 0.1 0.01171875 0.0 0.1484375 0.01171875 0.0544921875 20
210 0.1 0.01171875 0.0 0.1484375 0.01171875 0.052455357142857144 21
220 0.1 0.01171875 0.0 0.1484375 0.01171875 0.050603693181818184 22
230 0.1 0.0 0.0 0.1484375 0.0 0.04891304347826087 23
240 0.1 0.0 0.0 0.1484375 0.0 0.046875 24
250 0.1 0.0 0.0 0.1484375 0.0 0.045 25
