0 2.6 118.36951622596153 153.66128176134367 553.9140625 7.65283203125 0 0
10 4.4 76.12856223366478 108.6676621158457 553.9140625 7.098876953125 118.36951622596153 26
20 5 76.9234130859375 132.75804903101925 720.826171875 7.098876953125 91.81805943080357 70
30 5.5 44.15181995738636 52.1186759597675 720.826171875 7.098876953125 85.61195678710938 120
40 3.2 112.58319854736328 109.33047647004682 720.826171875 7.098876953125 72.58162806919643 175
50 3.7 87.70972999366555 95.51991908569286 720.826171875 7.098876953125 78.76544572765701 207
60 7.4 42.46786581503378 61.088092885204276 720.826171875 7.098876953125 80.12175112865012 244
70 11.1 65.77665531742679 105.3356492586758 720.826171875 7.02392578125 71.35952624434947 318
80 9.6 47.644808451334626 59.3132623962023 720.826171875 7.02392578125 69.91500719332753 429
90 9.3 50.21912277385753 73.72647912670692 720.826171875 6.833984375 65.84274228050596 525
100 8.2 82.38129704173018 240.87691146242983 1978.6162109375 6.833984375 63.49161507319478 618
110 10.9 68.4308723659691 85.27223105429758 1978.6162109375 6.64599609375 65.70440638950893 700
120 17.4 84.02364235362785 124.6912138564765 1978.6162109375 6.64599609375 66.07175471019391 809
130 26.1 76.45488449622844 115.87073192198201 1978.6162109375 6.64599609375 69.24940318420968 983
140 19.6 65.32001604352679 82.51091077677371 1978.6162109375 6.64599609375 70.76116413472167 1244
150 25.2 104.33882649739586 161.4237556454851 1978.6162109375 6.2060546875 70.02056342230902 1440
160 38.7 299.09365915697674 302.8246216861679 1978.6162109375 6.2060546875 75.13179409306663 1692
170 43.9 198.80048316486327 240.0534261736458 1978.6162109375 6.2060546875 116.8216650789893 2079
180 44.7 405.41208588943664 413.09775251082965 2317.921875 6.2060546875 131.11423900261863 2518
190 61 1179.5122294441614 662.4296089175841 4718.63916015625 0.72509765625 172.4670678587426 2965
200 82 1075.2570660846973 971.3483191021704 5174.323974609375 0.6611328125 344.2985499754155 3575
210 49.1 2110.390227214865 1884.5056745055365 9330.179931640625 0.64306640625 480.6776132768059 4395
220 25 622.4381689453128 809.0452199472646 9330.179931640625 0.64306640625 644.4493884392265 4886
230 8.8 74.563515403054 89.64541257606503 9330.179931640625 0.64306640625 643.3779700448576 5136
240 9.9 69.52711440577653 88.133879647996 9330.179931640625 0.64306640625 633.7961032744751 5224
250 1.5 38.695719401041664 38.557844662748984 9330.179931640625 0.64306640625 623.3015269269264 5323
252 0.1 258.200927734375 0.0 9330.179931640625 0.64306640625 621.6587605138712 5338
