10 0.1 712 0 712 712 0 0
20 0.1 1070.0 0.0 1070 712 712.0 1
30 0.1 743.0 0.0 1070 712 891.0 2
40 0.1 791.0 0.0 1070 712 841.6666666666666 3
50 0.1 920.0 0.0 1070 712 829.0 4
60 0.1 662.0 0.0 1070 662 847.2 5
70 0.1 1493.0 0.0 1493 662 816.3333333333334 6
80 0.1 1930.0 0.0 1930 662 913.0 7
90 0.1 1629.0 0.0 1930 662 1040.125 8
100 0.1 1724.0 0.0 1930 662 1105.5555555555557 9
110 0.1 1417.0 0.0 1930 662 1167.4 10
120 0.1 1991.0 0.0 1991 662 1190.090909090909 11
130 0.1 4121.0 0.0 4121 662 1256.8333333333333 12
140 0.1 4276.0 0.0 4276 662 1477.1538461538462 13
150 0.1 3574.0 0.0 4276 662 1677.0714285714287 14
160 0.1 5837.0 0.0 5837 662 1803.5333333333333 15
170 0.1 8589.0 0.0 8589 662 2055.625 16
180 0.1 7227.0 0.0 8589 662 2439.9411764705883 17
190 0.1 9522.0 0.0 9522 662 2705.8888888888887 18
200 0.1 10919.0 0.0 10919 662 3064.6315789473683 19
210 0.1 7758.0 0.0 10919 662 3457.35 20
220 0.1 7659.0 0.0 10919 662 3662.1428571428573 21
230 0.1 2179.0 0.0 10919 662 3843.818181818182 22
240 0.1 2245.0 0.0 10919 662 3771.4347826086955 23
250 0.1 1375.0 0.0 10919 662 3707.8333333333335 24
