0 3.8 80.97152549342104 115.85729407737632 553.9140625 7.0751953125 0 0
10 5.7 60.186185067160096 89.15871111054109 553.9140625 7.0751953125 80.97152549342104 38
20 6.3 59.745609343998 115.52638802611203 720.826171875 7.0751953125 68.50032123766448 95
30 7 34.68121512276787 39.84353076251934 720.826171875 7.0751953125 65.00951839398734 158
40 5.2 69.26566725510814 78.30545034045294 720.826171875 7.0751953125 55.69819721422697 228
50 5.8 55.93545006061422 76.72532850078557 720.826171875 7.0751953125 58.21787022181919 280
60 9.1 34.52424772493133 51.739735646166615 720.826171875 6.987060546875 57.82621232433432 338
70 14.8 49.320371885557435 85.06914319894918 720.826171875 6.987060546875 52.88337134870338 429
80 11.3 40.470692322317475 50.46451443755865 720.826171875 6.846923828125 51.969465073927644 577
90 11.9 39.23715286896007 59.77927284990545 720.826171875 6.833984375 50.0863327247509 690
100 10.2 66.21889121859681 216.53841727837113 1978.6162109375 6.833984375 48.49047066932555 809
110 14.7 50.728904257015316 70.75256662558049 1978.6162109375 6.64599609375 50.475431038179195 911
120 23.1 63.280107506425864 103.1791926093313 1978.6162109375 6.64599609375 50.5106489617793 1058
130 34.2 58.336683485243064 97.85731189378171 1978.6162109375 6.64599609375 52.79904688560657 1289
140 25.2 50.79594494047619 65.9018531105495 1978.6162109375 6.64599609375 53.96021899908032 1631
150 33.6 79.46105303083144 127.62994022776898 1978.6162109375 6.2060546875 53.53674737785449 1883
160 52.2 227.04967560165247 226.14143081311389 1978.6162109375 6.2060546875 57.462194290608096 2219
170 56.2 151.47923762094084 178.17659414996686 1978.6162109375 6.2060546875 89.75867923930024 2741
180 57.4 317.2592633077907 277.160152437609 1978.6162109375 6.2060546875 100.26033040808073 3303
190 76.2 978.7010142408955 316.3103681019228 1978.6162109375 0.680908203125 132.38759052787273 3877
200 106.2 835.6192169476814 651.3890558611532 2271.466064453125 0.0478515625 271.4026430972462 4639
210 66.1 1547.0865454507837 1356.1706254791577 5007.85986328125 0.0478515625 376.5066601870834 5701
220 33.6 402.4599638439354 482.15305003062576 5007.85986328125 0.0478515625 498.127739118128 6362
230 12.9 50.85226274830426 69.37106082261317 5007.85986328125 0.0478515625 493.32863901479436 6698
240 13.4 51.35615197936101 72.05555917285204 5007.85986328125 0.0478515625 484.96779932849336 6827
250 1.7 34.13623046875 37.01611283587791 5007.85986328125 0.0478515625 476.62072839834195 6961
252 0.2 129.074951171875 80.636962890625 5007.85986328125 0.0478515625 475.542735210494 6978
