10 0.1 326 0 326 326 0 0
20 0.1 528.0 0.0 528 326 326.0 1
30 0.1 421.0 0.0 528 326 427.0 2
40 0.1 455.0 0.0 528 326 425.0 3
50 0.1 478.0 0.0 528 326 432.5 4
60 0.1 348.0 0.0 528 326 441.6 5
70 0.1 857.0 0.0 857 326 426.0 6
80 0.1 952.0 0.0 952 326 487.57142857142856 7
90 0.1 1014.0 0.0 1014 326 545.625 8
100 0.1 941.0 0.0 1014 326 597.6666666666666 9
110 0.1 772.0 0.0 1014 326 632.0 10
120 0.1 970.0 0.0 1014 326 644.7272727272727 11
130 0.1 2155.0 0.0 2155 326 671.8333333333334 12
140 0.1 2.3e3 0.0 2300 326 785.9230769230769 13
150 0.1 1866.0 0.0 2300 326 894.0714285714286 14
160 0.1 2947.0 0.0 2947 326 958.8666666666667 15
170 0.1 3994.0 0.0 3994 326 1083.125 16
180 0.1 3525.0 0.0 3994 326 1254.3529411764705 17
190 0.1 4905.0 0.0 4905 326 1380.5 18
200 0.1 6302.0 0.0 6302 326 1566.0 19
210 0.1 4445.0 0.0 6302 326 1802.8 20
220 0.1 3860.0 0.0 6302 326 1928.6190476190477 21
230 0.1 1150.0 0.0 6302 326 2016.409090909091 22
240 0.1 1093.0 0.0 6302 326 1978.7391304347825 23
250 0.1 795.0 0.0 6302 326 1941.8333333333333 24
