0 0.4 4773.727233886719 1768.8920359605115 7329.920166015625 2587.470947265625 0 0
10 0.8 4470.343322753906 3103.72539334031 12295.830810546875 1143.147216796875 4773.727233886719 4
20 0.9 8034.388427734375 6381.066177914599 25140.005859375 1143.147216796875 4571.471293131511 12
30 0.9 10873.901882595486 5767.62406412643 25140.005859375 1143.147216796875 6055.5786365327385 21
40 0.9 8454.295138888889 5956.387279885151 25140.005859375 1143.147216796875 7501.075610351562 30
50 0.8 8351.705535888672 4681.7851407580565 25140.005859375 1143.147216796875 7721.04934770633 39
60 0.9 5051.993679470486 3294.723542359 25140.005859375 829.10791015625 7828.395081865026 47
70 1.8 6310.918619791667 3884.0594155200115 25140.005859375 829.10791015625 7382.187713623047 56
80 2.4 8725.590342203779 4766.363968963474 25140.005859375 829.10791015625 7121.608744853252 74
90 1.4 7565.721487862723 4609.647474276766 25140.005859375 829.10791015625 7514.420564612564 98
100 1.5 10376.231363932291 5759.842002484156 25140.005859375 829.10791015625 7520.833180018833 112
110 2.3 9115.919571586277 7180.182291249276 28732.236083984375 724.44384765625 7858.08493402436 127
120 2.4 7607.996846516927 3863.7533325874697 28732.236083984375 724.44384765625 8050.952911783854 150
130 4.6 7947.962986158288 4308.134862825577 28732.236083984375 724.44384765625 7989.855523471175 174
140 4.7 8298.338721742019 4708.079013010567 28732.236083984375 724.44384765625 7981.096174760299 220
150 3.1 7355.056735131047 4776.084084548808 28732.236083984375 724.44384765625 8036.940368423748 267
160 7.2 8277.59462483724 4360.23656740675 28732.236083984375 724.44384765625 7966.006164960413 298
170 8.1 8622.235634886187 4301.306707632217 28732.236083984375 724.44384765625 8026.639594990498 370
180 7.1 9599.474726287408 4775.6496025783035 28732.236083984375 724.44384765625 8133.609172000589 451
190 7.3 12613.432406490796 5560.950538573973 32943.326904296875 724.44384765625 8332.989352756076 522
200 15.2 12810.500730815687 4945.584488380912 32943.326904296875 724.44384765625 8858.152954306723 595
210 13.4 16666.85475090368 6147.144884756798 33414.565185546875 701.784912109375 9662.379007893553 747
220 10 16342.19393798828 6132.964610157647 34085.2939453125 701.784912109375 10727.758973345717 881
230 2.1 9279.580252511161 6902.912874278691 34085.2939453125 701.784912109375 11300.076502870952 981
240 2 7549.065783691406 7354.65581162419 34085.2939453125 701.784912109375 11257.730773072994 1002
250 0.6 12194.2236328125 4924.692845292215 34085.2939453125 701.784912109375 11185.15415879938 1022
252 0.1 16545.235107421875 0.0 34085.2939453125 701.784912109375 11191.043669348095 1028
