0 17.48515625 17.48515625
10 24.56015625 42.0453125
20 26.0140625 68.059375
30 31.89765625 99.95703125
40 27.00703125 126.9640625
50 28.253125 155.2171875
60 36.27890625 191.49609375
70 65.371875 256.86796875
80 46.9546875 303.82265625
90 52.125 355.94765625
100 46.42890625 402.3765625
110 66.2078125 468.584375
120 100.85625 569.440625
130 151.4953125 720.9359375
140 118.0859375 839.021875
150 144.46640625 983.48828125
160 239.86953125 1223.3578125
170 241.80703125 1465.16484375
180 254.39375 1719.55859375
190 331.36328125 2050.921875
200 447.85390625 2498.77578125
210 273.43125 2772.20703125
220 146.88359375 2919.090625
230 61.33125 2980.421875
240 64.13203125 3044.55390625
250 7.784375 3052.33828125
252 1.30703125 3053.6453125
