0 491.140625 491.140625
10 911.22109375 1402.36171875
20 872.0609375 2274.42265625
30 594.109375 2868.53203125
40 707.77734375 3576.309375
50 664.85625 4241.165625
60 1172.571875 5413.7375
70 1800.2796875 7214.0171875
80 1260.65546875 8474.67265625
90 1513.3796875 9988.05234375
100 891.17734375 10879.2296875
110 2060.3484375 12939.578125
120 2690.8484375 15630.4265625
130 4090.4078125 19720.834375
140 2629.028125 22349.8625
150 4229.81953125 26579.68203125
160 6673.63359375 33253.315625
170 7047.21953125 40300.53515625
180 6615.696875 46916.23203125
190 8537.4 55453.63203125
200 7492.803125 62946.43515625
210 5574.81875 68521.25390625
220 3388.74296875 71909.996875
230 1624.103125 73534.1
240 1958.16796875 75492.26796875
250 168.70703125 75660.975
252 21.29765625 75682.27265625
