0 0.7 17.521868024553573 40.852251722398385 117.5888671875 0.711181640625 0 0
10 1.7 0.7141831341911765 0.14679627402675252 117.5888671875 0.54296875 17.521868024553573 7
20 0.9 0.7694769965277778 0.10256642958115078 117.5888671875 0.54296875 5.616424560546875 24
30 0.7 0.7794015066964286 0.08559824945761489 117.5888671875 0.54296875 4.294529770359849 33
40 0.7 0.7801339285714286 0.10005220831194904 117.5888671875 0.54296875 3.67938232421875 40
50 0.8 0.705108642578125 0.10564799001444229 117.5888671875 0.54296875 3.247579371675532 47
60 1.9 0.6997455797697368 0.16289206523146174 117.5888671875 0.54296875 2.8777654474431817 55
70 1.6 0.7408905029296875 0.0602206219379483 117.5888671875 0.54296875 2.3185441300675675 74
80 2 0.7139892578125 0.10768515488101858 117.5888671875 0.54296875 2.0380723741319446 90
90 1.7 0.7104204963235294 0.05938054123008544 117.5888671875 0.54296875 1.7973299893465913 110
100 2.3 0.677575152853261 0.06316238717818237 117.5888671875 0.54296875 1.6518381674458664 127
110 1.7 0.7056094898897058 0.08369562046848761 117.5888671875 0.54296875 1.5024511718750002 150
120 5.7 0.6684398985745615 0.14192282608194093 117.5888671875 0.536865234375 1.4213355515531438 167
130 3.5 0.7111886160714286 0.1976535591077097 117.5888671875 0.536865234375 1.2297504970005584 224
140 4.1 0.6816942168445121 0.09033720540558869 117.5888671875 0.536865234375 1.1596745671452704 259
150 4 0.6405090332031251 0.063598327928863 117.5888671875 0.536865234375 1.0943505859375002 300
160 8.6 0.6626856604287791 0.08989706212908444 117.5888671875 0.536865234375 1.0409574620863973 340
170 8 0.6173797607421874 0.056059316699847574 117.5888671875 0.515869140625 0.9645927321742959 426
180 12.8 0.6572952270507811 0.2212294803412329 117.5888671875 0.515869140625 0.9096974007225792 506
190 17.2 0.6457491142805234 0.14270035677532392 117.5888671875 0.51318359375 0.8587392331673895 634
200 16.5 0.6298576586174243 0.10361423800601538 117.5888671875 0.4990234375 0.8132872474992245 806
210 5.9 0.6277683064088984 0.08325538854761787 117.5888671875 0.4990234375 0.7821174409436148 971
220 1.9 1.1126644736842106 1.7134854970222284 117.5888671875 0.4990234375 0.7732760827518204 1030
230 2.2 0.6948686079545454 0.16625394206942973 117.5888671875 0.4990234375 0.7794232509383937 1049
240 2 0.7471435546875 0.24161195478238182 117.5888671875 0.4990234375 0.7776863675157563 1071
250 0 0 0 117.5888671875 0.4990234375 0.7771264626059807 1091
260 0 0 0 117.5888671875 0.4990234375 0.7771264626059807 1091
265 0 0 0 117.5888671875 0.4990234375 0.7771264626059807 1091
