0 0.1 2.9571532464621275 0 2.9571532464621275 2.9571532464621275 0 0
10 0.1 2.0689655172413794 0.0 2.9571532464621275 2.0689655172413794 2.9571532464621275 1
20 0.1 1.0923535253227408 0.0 2.9571532464621275 1.0923535253227408 2.5130593818517535 2
30 0.1 1.0934393638170974 0.0 2.9571532464621275 1.0923535253227408 2.0394907630087493 3
40 0.1 1.0901883052527255 0.0 2.9571532464621275 1.0901883052527255 1.8029779132108363 4
50 0.1 0.992063492063492 0.0 2.9571532464621275 0.992063492063492 1.660419991619214 5
60 0.1 0.9900990099009901 0.0 2.9571532464621275 0.9900990099009901 1.5490272416932604 6
70 0.1 1.1904761904761905 0.0 2.9571532464621275 0.9900990099009901 1.469180351437222 7
80 0.1 1.3888888888888888 0.0 2.9571532464621275 0.9900990099009901 1.4343423313170929 8
90 0.1 1.5920398009950247 0.0 2.9571532464621275 0.9900990099009901 1.4292919488250702 9
100 0.1 1.3930348258706469 0.0 2.9571532464621275 0.9900990099009901 1.4455667340420657 10
110 0.1 1.6881827209533267 0.0 2.9571532464621275 0.9900990099009901 1.4407911060264822 11
120 0.1 1.4940239043824701 0.0 2.9571532464621275 0.9900990099009901 1.4614070739370526 12
130 0.1 2.4752475247524752 0.0 2.9571532464621275 0.9900990099009901 1.4639160608943924 13
140 0.1 2.1912350597609564 0.0 2.9571532464621275 0.9900990099009901 1.5361540225985413 14
150 0.1 2.3856858846918487 0.0 2.9571532464621275 0.9900990099009901 1.5798260917427023 15
160 0.1 2.694610778443114 0.0 2.9571532464621275 0.9900990099009901 1.630192328802024 16
170 0.1 4.07149950347567 0.0 4.07149950347567 0.9900990099009901 1.6928051787809115 17
180 0.1 3.225806451612903 0.0 4.07149950347567 0.9900990099009901 1.8249548634861759 18
190 0.1 4.904904904904905 0.0 4.904904904904905 0.9900990099009901 1.8986838944402142 19
200 0.1 5.493387589013224 0.0 5.493387589013224 0.9900990099009901 2.048994944963449 20
210 0.1 6.199186991869919 0.0 6.199186991869919 0.9900990099009901 2.213013642299152 21
220 0.1 3.2225579053373616 0.0 6.199186991869919 0.9900990099009901 2.3942033400069147 22
230 0.1 2.976190476190476 0.0 6.199186991869919 0.9900990099009901 2.4302187558908472 23
240 0.1 1.5015015015015014 0.0 6.199186991869919 0.9900990099009901 2.4529675775699986 24
250 0.1 2.2682445759368837 0.0 6.199186991869919 0.9900990099009901 2.4149089345272587 25
260 0.1 1.3875123885034688 0.0 6.199186991869919 0.9900990099009901 2.4092679976583984 26
265 0.1 0.8884501480750246 0.0 6.199186991869919 0.8884501480750246 2.3714251973193265 27
