0 0.1 3169.51171875 0 3169.51171875 3169.51171875 0 0
10 0.1 3168.02734375 0.0 3169.51171875 3168.02734375 3169.51171875 1
20 0.1 3166.22265625 0.0 3169.51171875 3166.22265625 3168.76953125 2
30 0.1 3165.515625 0.0 3169.51171875 3165.515625 3167.9205729166665 3
40 0.1 3165.625 0.0 3169.51171875 3165.515625 3167.3193359375 4
50 0.1 3165.6875 0.0 3169.51171875 3165.515625 3166.98046875 5
60 0.1 3165.6953125 0.0 3169.51171875 3165.515625 3166.7649739583335 6
70 0.1 3164.09765625 0.0 3169.51171875 3164.09765625 3166.6121651785716 7
80 0.1 3163.3828125 0.0 3169.51171875 3163.3828125 3166.2978515625 8
90 0.1 3163.26953125 0.0 3169.51171875 3163.26953125 3165.9739583333335 9
100 0.1 3163.30859375 0.0 3169.51171875 3163.26953125 3165.703515625 10
110 0.1 3163.31640625 0.0 3169.51171875 3163.26953125 3165.4857954545455 11
120 0.1 3163.328125 0.0 3169.51171875 3163.26953125 3165.3050130208335 12
130 0.1 3157.4921875 0.0 3169.51171875 3157.4921875 3165.1529447115386 13
140 0.1 3155.3203125 0.0 3169.51171875 3155.3203125 3164.6057477678573 14
150 0.1 3154.8515625 0.0 3169.51171875 3154.8515625 3163.98671875 15
160 0.1 3154.01171875 0.0 3169.51171875 3154.01171875 3163.415771484375 16
170 0.1 3145.64453125 0.0 3169.51171875 3145.64453125 3162.862591911765 17
180 0.1 3139.6640625 0.0 3169.51171875 3139.6640625 3161.9060329861113 18
190 0.1 3136.5625 0.0 3169.51171875 3136.5625 3160.7354029605262 19
200 0.1 3136.38671875 0.0 3169.51171875 3136.38671875 3159.5267578125 20
210 0.1 3135.4765625 0.0 3169.51171875 3135.4765625 3158.424851190476 21
220 0.1 3135.83984375 0.0 3169.51171875 3135.4765625 3157.381747159091 22
230 0.1 3135.7265625 0.0 3169.51171875 3135.4765625 3156.4451426630435 23
240 0.1 3135.9921875 0.0 3169.51171875 3135.4765625 3155.5818684895835 24
250 0.1 3135.66796875 0.0 3169.51171875 3135.4765625 3154.79828125 25
260 0.1 3136.02734375 0.0 3169.51171875 3135.4765625 3154.0625 26
265 0.1 3143.31640625 0.0 3169.51171875 3135.4765625 3153.39453125 27
