0 0.1 0.078125 0 0.078125 0.078125 0 0
10 0.1 0.0703125 0.0 0.078125 0.0703125 0.078125 1
20 0.1 0.05859375 0.0 0.078125 0.05859375 0.07421875 2
30 0.1 0.05078125 0.0 0.078125 0.05078125 0.06901041666666667 3
40 0.1 0.0390625 0.0 0.078125 0.0390625 0.064453125 4
50 0.1 0.0390625 0.0 0.078125 0.0390625 0.059375 5
60 0.1 0.03125 0.0 0.078125 0.03125 0.055989583333333336 6
70 0.1 0.03125 0.0 0.078125 0.03125 0.052455357142857144 7
80 0.1 0.01953125 0.0 0.078125 0.01953125 0.0498046875 8
90 0.1 0.01953125 0.0 0.078125 0.01953125 0.046440972222222224 9
100 0.1 0.01953125 0.0 0.078125 0.01953125 0.04375 10
110 0.1 0.01171875 0.0 0.078125 0.01171875 0.041548295454545456 11
120 0.1 0.01171875 0.0 0.078125 0.01171875 0.0390625 12
130 0.1 0.01171875 0.0 0.078125 0.01171875 0.036959134615384616 13
140 0.1 0.01171875 0.0 0.078125 0.01171875 0.03515625 14
150 0.1 0.01171875 0.0 0.078125 0.01171875 0.03359375 15
160 0.1 0.01171875 0.0 0.078125 0.01171875 0.0322265625 16
170 0.1 0.0 0.0 0.078125 0.0 0.031020220588235295 17
180 0.1 0.0 0.0 0.078125 0.0 0.029296875 18
190 0.1 0.0 0.0 0.078125 0.0 0.027754934210526317 19
200 0.1 0.0 0.0 0.078125 0.0 0.0263671875 20
210 0.1 0.0 0.0 0.078125 0.0 0.025111607142857144 21
220 0.1 0.0 0.0 0.078125 0.0 0.023970170454545456 22
230 0.1 0.0 0.0 0.078125 0.0 0.022927989130434784 23
240 0.1 0.0 0.0 0.078125 0.0 0.02197265625 24
250 0.1 0.0 0.0 0.078125 0.0 0.02109375 25
260 0.1 0.0 0.0 0.078125 0.0 0.020282451923076924 26
265 0.1 0.0 0.0 0.078125 0.0 0.01953125 27
