0 2.1 64.67444428943453 51.647640865267356 192.331787109375 7.3837890625 0 0
10 5.9 77.93298132944915 87.60669120137679 408.8701171875 7.3837890625 64.67444428943453 21
20 6.8 104.34655043658088 140.21061480463632 722.109130859375 6.81591796875 74.4526153564453 80
30 5 127.25692871093752 137.00032091190948 722.109130859375 6.81591796875 88.18766660948057 148
40 3.2 84.00299835205078 96.35269912417299 722.109130859375 6.81591796875 98.05364188762626 198
50 4.7 101.01868974401596 111.73229258417743 722.109130859375 6.81591796875 96.0987697435462 230
60 8 80.60836486816405 118.23940432002802 722.109130859375 6.81591796875 96.933557613662 277
70 8.3 98.97710372740964 115.08069382818753 722.109130859375 6.52490234375 93.27525111607143 357
80 12 154.88491617838542 203.71773961890898 1238.112060546875 6.52490234375 94.35082785866477 440
90 9.5 116.82686574835526 161.23005797786035 1238.112060546875 6.52490234375 107.32241821289063 560
100 11.4 160.64027592173795 217.2197438860569 1238.112060546875 6.14208984375 108.7009258707061 655
110 11.1 131.35002507390203 192.36500435001275 1238.112060546875 6.14208984375 116.40064746474724 769
120 16.2 276.1875210985725 376.2823115810827 1972.08984375 6.14208984375 118.28630759499289 880
130 21.5 1412.4207962390979 701.7580671673657 4418.275146484375 6.14208984375 142.83524865792947 1042
140 17.5 2246.668293805802 751.9344527911223 5065.9130859375 6.14208984375 359.98790794985564 1257
150 21.3 1984.9943412100213 810.365933768207 5065.9130859375 6.14208984375 590.5528992381172 1432
160 24.1 2831.0805086634477 795.1439179884776 5866.752197265625 6.14208984375 771.1097546423821 1645
170 40.2 2290.3111815191655 1782.7461640299591 7827.15185546875 0.6630859375 1034.340375914427 1886
180 58.5 1705.5518679887816 2475.1893952712117 10042.046875 0.62890625 1255.013568157917 2288
190 83.4 1389.5081105037857 2041.267241180263 10387.02197265625 0.60595703125 1346.7521359967807 2873
200 98.3 1078.2559698964408 1610.0448189309154 10387.02197265625 0.60595703125 1356.3713652222573 3707
210 62.9 1507.0381453230557 1749.2093393257665 10387.02197265625 0.60595703125 1298.0798015537546 4690
220 36.2 2890.0587771926826 1655.2055228926022 10387.02197265625 0.60595703125 1322.7902355133128 5319
230 17.6 3311.4887820157137 1192.2931539127233 10387.02197265625 0.60595703125 1422.6584298607747 5681
240 15 2380.442747395834 1064.0841772908811 10387.02197265625 0.60595703125 1479.4168628434059 5857
250 12.6 1012.9153374565975 872.3551583858823 10387.02197265625 0.60595703125 1501.916260659764 6007
260 1.2 151.2548828125 95.25009905645396 10387.02197265625 0.60595703125 1491.8699348284256 6133
265 0.1 199.5068359375 0.0 10387.02197265625 0.60595703125 1489.2519721556525 6145
