10 0.1 346 0 346 346 0 0
20 0.1 737.0 0.0 737 346 346.0 1
30 0.1 788.0 0.0 788 346 541.5 2
40 0.1 788.0 0.0 788 346 623.6666666666666 3
50 0.1 473.0 0.0 788 346 664.75 4
60 0.1 700.0 0.0 788 346 626.4 5
70 0.1 834.0 0.0 834 346 638.6666666666666 6
80 0.1 1002.0 0.0 1002 346 666.5714285714286 7
90 0.1 1605.0 0.0 1605 346 708.5 8
100 0.1 891.0 0.0 1605 346 808.1111111111111 9
110 0.1 1704.0 0.0 1704 346 816.4 10
120 0.1 1142.0 0.0 1704 346 897.0909090909091 11
130 0.1 2345.0 0.0 2345 346 917.5 12
140 0.1 2113.0 0.0 2345 346 1027.3076923076924 13
150 0.1 2143.0 0.0 2345 346 1104.857142857143 14
160 0.1 2316.0 0.0 2345 346 1174.0666666666666 15
170 0.1 3092.0 0.0 3092 346 1245.4375 16
180 0.1 2602.0 0.0 3092 346 1354.0588235294117 17
190 0.1 4297.0 0.0 4297 346 1423.388888888889 18
200 0.1 4620.0 0.0 4620 346 1574.6315789473683 19
210 0.1 4386.0 0.0 4620 346 1726.9 20
220 0.1 3042.0 0.0 4620 346 1853.5238095238096 21
230 0.1 2666.0 0.0 4620 346 1907.5454545454545 22
240 0.1 1774.0 0.0 4620 346 1940.5217391304348 23
250 0.1 1781.0 0.0 4620 346 1933.5833333333333 24
260 0.1 789.0 0.0 4620 346 1927.48 25
265 0.1 8.0 0.0 4620 8 1883.6923076923076 26
