0 2.4 56.58525594075521 52.34112179183581 192.331787109375 7.161865234375 0 0
10 6.4 71.84114074707031 82.68154671616246 408.8701171875 7.161865234375 56.58525594075521 24
20 7.5 94.60446940104168 133.14808487896724 722.109130859375 6.81591796875 67.68044489080256 88
30 5.8 109.69847790948276 127.39693373057861 722.109130859375 6.81591796875 80.06879972680214 163
40 3.4 79.05934771369485 95.3143596959821 722.109130859375 6.81591796875 87.84491436298077 221
50 5.5 86.32025035511364 101.43976893274662 722.109130859375 6.81591796875 86.67350547640932 255
60 8.4 76.76837448846726 113.570215815596 722.109130859375 6.81591796875 86.61083118069557 310
70 9.2 89.29076883067252 105.65265040811282 722.109130859375 6.52490234375 84.51243939859613 394
80 13.1 141.87613683802488 191.40589026216594 1238.112060546875 6.52490234375 85.4169791264789 486
90 10 110.9836865234375 156.37015483740183 1238.112060546875 6.52490234375 97.4042557232577 617
100 12.8 143.06649208068853 206.09928696679702 1238.112060546875 6.14208984375 99.29817912635112 717
110 11.6 125.68667286839975 184.46786726049567 1238.112060546875 6.14208984375 105.9281720945821 845
120 17.8 255.0392366902212 344.996822024963 1972.08984375 6.14208984375 108.3131732285705 961
130 23.1 1323.6959878500402 614.211781702456 3489.118896484375 6.14208984375 131.2431462717433 1139
140 18.2 2160.0925829541548 608.783179522643 3895.472900390625 6.14208984375 332.30636262545613 1370
150 22 1909.4292669122865 704.7404829902704 3955.682861328125 6.14208984375 546.6472724835895 1552
160 26.3 2701.0232973280076 579.925917310216 4593.47802734375 6.14208984375 715.841425290764 1772
170 44.1 2102.2465632086164 1497.374575505591 5174.785888671875 0.614990234375 972.4030136670762 2035
180 63.3 1587.9976530873569 2225.1329703687393 6916.1640625 0.590087890625 1173.6392840014137 2476
190 89.4 1274.5501588825657 1738.9512117989002 6916.1640625 0.080810546875 1258.0036608529422 3109
200 106.4 993.2783331620066 1427.7937531314103 6916.1640625 0.06787109375 1261.6990316344768 4003
210 66.3 1425.4273565646215 1551.3258641170783 6916.1640625 0.067138671875 1205.334393155158 5067
220 37.6 2744.5875549316397 1449.6135138944105 6916.1640625 0.067138671875 1230.8006470365672 5730
230 18.4 3178.9269528596296 1097.5597679433806 6916.1640625 0.067138671875 1324.017790398596 6106
240 16.4 2150.1327097822973 840.5317209599615 6916.1640625 0.067138671875 1378.2790441176471 6290
250 13.1 974.2531235090646 815.4348824561417 6916.1640625 0.067138671875 1397.8923073914311 6454
260 1.2 151.2548828125 95.25009905645396 6916.1640625 0.067138671875 1389.4645574918732 6585
265 0.1 199.5068359375 0.0 6916.1640625 0.067138671875 1387.2122433951395 6597
