10 0.1 247 0 247 247 0 0
20 0.1 480.0 0.0 480 247 247.0 1
30 0.1 492.0 0.0 492 247 363.5 2
40 0.1 488.0 0.0 492 247 406.3333333333333 3
50 0.1 320.0 0.0 492 247 426.75 4
60 0.1 453.0 0.0 492 247 405.4 5
70 0.1 635.0 0.0 635 247 413.3333333333333 6
80 0.1 704.0 0.0 704 247 445.0 7
90 0.1 1030.0 0.0 1030 247 477.375 8
100 0.1 675.0 0.0 1030 247 538.7777777777778 9
110 0.1 1054.0 0.0 1054 247 552.4 10
120 0.1 859.0 0.0 1054 247 598.0 11
130 0.1 1671.0 0.0 1671 247 619.75 12
140 0.1 1426.0 0.0 1671 247 700.6153846153846 13
150 0.1 1536.0 0.0 1671 247 752.4285714285714 14
160 0.1 1652.0 0.0 1671 247 804.6666666666666 15
170 0.1 2326.0 0.0 2326 247 857.625 16
180 0.1 2172.0 0.0 2326 247 944.0 17
190 0.1 3308.0 0.0 3308 247 1012.2222222222222 18
200 0.1 3952.0 0.0 3952 247 1133.0526315789473 19
210 0.1 4005.0 0.0 4005 247 1274.0 20
220 0.1 2405.0 0.0 4005 247 1404.047619047619 21
230 0.1 1833.0 0.0 4005 247 1449.5454545454545 22
240 0.1 1280.0 0.0 4005 247 1466.2173913043478 23
250 0.1 1145.0 0.0 4005 247 1458.4583333333333 24
260 0.1 527.0 0.0 4005 247 1445.92 25
265 0.1 10.0 0.0 4005 10 1410.576923076923 26
