0 0.3 2582.4278971354165 465.4149524585861 3108.767822265625 1976.998779296875 0 0
10 0.6 7242.480550130208 4178.758593364814 14266.963134765625 1976.998779296875 2582.4278971354165 3
20 1.1 9327.497847123579 4659.666164553062 17969.9189453125 1707.59716796875 5689.129665798611 9
30 1.2 9885.946105957031 5706.474500187464 18943.610107421875 1626.02197265625 7690.232165527344 20
40 0.6 13012.353963216146 7555.098664985253 24335.02392578125 1626.02197265625 8513.624893188477 32
50 0.9 13812.744140625 9016.350522309174 34457.9921875 1626.02197265625 9223.950535824424 38
60 0.8 7774.0982666015625 5094.689488455101 34457.9921875 1064.77685546875 10102.655694190493 47
70 1.7 8726.794864430147 3661.025617606186 34457.9921875 1064.77685546875 9763.956431995739 55
80 1.8 10541.152058919271 5678.1244984630075 34457.9921875 1064.77685546875 9519.071061876086 72
90 1.7 11621.82355813419 5929.051641457421 34457.9921875 1064.77685546875 9723.487261284723 90
100 2.2 9817.605723987926 5940.288436750249 34457.9921875 1064.77685546875 10025.092093494452 107
110 2 10329.594982910156 6268.03991892578 34457.9921875 1064.77685546875 9989.706821175509 129
120 1.7 10920.321518841913 4861.107458397493 34457.9921875 1064.77685546875 10035.329393220429 149
130 2.5 11841.295615234376 3429.677469071983 34457.9921875 1064.77685546875 10125.961116928653 166
140 3.4 17458.63008386948 4202.78159720434 34457.9921875 1064.77685546875 10350.481339219978 191
150 2.9 20824.4769413389 3491.406100361188 34457.9921875 1064.77685546875 11424.601593967014 225
160 3.5 23131.31616908482 6211.2380436585745 41856.350830078125 1064.77685546875 12497.815708430733 254
170 3 21569.17159016927 8138.494958805751 41856.350830078125 523.06787109375 13785.609881866349 289
180 10.3 19400.453975936736 7350.775436622514 41856.350830078125 212.739013671875 14517.606280766311 319
190 11.9 18213.52605944721 8585.575512303663 41856.350830078125 212.739013671875 15709.391381720232 422
200 16.2 16106.212978033373 7736.46451127428 41856.350830078125 84.577880859375 16260.208436525243 541
210 12.8 17563.05181884766 7557.731704010893 41856.350830078125 84.577880859375 16224.721574113175 703
220 10.9 21080.46426363603 5511.00097760267 44194.37890625 84.577880859375 16430.866304950738 831
230 6.3 27412.78142438616 5505.505923800717 44194.37890625 84.577880859375 16970.02181292595 940
240 3.7 28168.32584855363 6313.664620406029 44194.37890625 84.577880859375 17625.94789021607 1003
250 3.9 19178.474621895035 6586.801767656831 44194.37890625 84.577880859375 18001.013259887695 1040
260 0.7 19011.56277901786 3425.566253634906 44194.37890625 84.577880859375 18043.5721042976 1079
265 0.1 26709.596923828125 0.0 44194.37890625 84.577880859375 18049.811454871302 1086
