0 10.265625 10.265625
10 26.62109375 36.88671875
20 37.403125 74.28984375
30 31.8625 106.15234375
40 14.796875 120.94921875
50 29.37265625 150.321875
60 36.3546875 186.6765625
70 45.009375 231.6859375
80 65.2203125 296.90625
90 49.225 346.13125
100 61.63984375 407.77109375
110 56.63046875 464.4015625
120 86.178125 550.5796875
130 115.86171875 666.44140625
140 94.04296875 760.484375
150 102.08046875 862.56484375
160 114.55078125 977.115625
170 209.79375 1186.909375
180 228.6671875 1415.5765625
190 303.57109375 1719.14765625
200 390.18359375 2109.33125
210 276.33203125 2385.66328125
220 173.37734375 2559.040625
230 85.4328125 2644.4734375
240 72.759375 2717.2328125
250 66.3609375 2783.59375
260 7.8 2791.39375
265 0.73515625 2792.12890625
