0 203.56796875 203.56796875
10 586.9109375 790.47890625
20 592.46484375 1382.94375
30 554.4828125 1937.4265625
40 331.4203125 2268.846875
50 552.49375 2821.340625
60 787.3546875 3608.6953125
70 621.67578125 4230.37109375
80 1350.4890625 5580.86015625
90 623.25703125 6204.1171875
100 1387.478125 7591.5953125
110 692.64375 8284.2390625
120 1610.409375 9894.6484375
130 1417.578125 11312.2265625
140 1898.09375 13210.3203125
150 1021.0859375 14231.40625
160 2399.57578125 16630.98203125
170 1737.8234375 18368.80546875
180 2270.86015625 20639.665625
190 2892.1875 23531.853125
200 2824.83984375 26356.69296875
210 1671.3234375 28028.01640625
220 1737.59609375 29765.6125
230 1758.453125 31524.065625
240 1374.1875 32898.253125
250 857.31015625 33755.56328125
260 18.90234375 33774.465625
265 0.07265625 33774.53828125
