0 0.8 13.564117431640625 34.16682819795992 103.9609375 0.552001953125 0 0
10 0.8 0.567626953125 0.03358863969124969 103.9609375 0.511962890625 13.564117431640625 8
20 0.7 0.9010184151785714 0.7422624462077784 103.9609375 0.511962890625 7.0658721923828125 16
30 1.5 0.9014811197916667 0.3969904620671425 103.9609375 0.506103515625 5.189612347146739 23
40 1.2 1.6928507486979167 2.124773849015102 103.9609375 0.506103515625 3.4969289679276314 38
50 1 1.219873046875 0.4415205707877165 103.9609375 0.506103515625 3.0639501953125 50
60 1.8 0.8900010850694444 0.38777699348384964 103.9609375 0.488037109375 2.75660400390625 60
70 1.7 0.7527429917279411 0.3492078581331364 103.9609375 0.48193359375 2.3258494841746793 78
80 2.8 0.8267735072544643 0.8134835088231273 103.9609375 0.470947265625 2.0443462171052627 95
90 1.6 1.0145111083984375 0.9857670877362265 103.9609375 0.470947265625 1.767175193724593 123
100 2.5 0.7496484375 0.24992326588793665 103.9609375 0.470947265625 1.6805376011690643 139
110 1.6 1.1719207763671875 0.8809833279484247 103.9609375 0.470947265625 1.5386337652439022 164
120 2.6 0.8463322566105769 1.0386986129459042 103.9609375 0.455078125 1.5060370551215274 180
130 4.2 0.8648623511904762 0.6325918465272434 103.9609375 0.455078125 1.4227733426881066 206
140 4 1.2496704101562497 1.1073079577728167 103.9609375 0.455078125 1.328288416708669 248
150 7.3 1.046487050513699 0.6963853593660874 103.9609375 0.455078125 1.3173692491319442 288
160 7.2 1.0561964246961806 1.1440722755874158 103.9609375 0.455078125 1.2625925164473684 361
170 9.3 1.0470718876008065 0.9212993823925911 103.9609375 0.455078125 1.2282726120453233 433
180 12.5 1.0389707031250004 1.0323698179108236 103.9609375 0.43994140625 1.196235221601711 526
190 18.1 0.7627088009323206 0.7417184942257696 103.9609375 0.43994140625 1.1660385014640937 651
200 17.2 0.6928285110828494 0.6332284738018499 103.9609375 0.43994140625 1.0782949007474458 832
210 3.5 0.7760253906249999 0.653811399550885 103.9609375 0.43994140625 1.0122588260240288 1004
220 1.7 0.9312528722426471 0.3854349356713971 103.9609375 0.43994140625 1.004301010587103 1039
230 2.3 0.5576065726902175 0.07828235463759034 103.9609375 0.43994140625 1.0031250462387546 1056
240 1 1.016943359375 0.48170130982382264 103.9609375 0.43994140625 0.993628359592215 1079
250 0 0 0 103.9609375 0.43994140625 0.9938424550906795 1089
254 0 0 0 103.9609375 0.43994140625 0.9938424550906795 1089
