0 0.1 4.0758742282217275 0 4.0758742282217275 4.0758742282217275 0 0
10 0.1 2.359882005899705 0.0 4.0758742282217275 2.359882005899705 4.0758742282217275 1
20 0.1 1.1892963330029733 0.0 4.0758742282217275 1.1892963330029733 3.2178781170607165 2
30 0.1 1.083743842364532 0.0 4.0758742282217275 1.083743842364532 2.5416841890414688 3
40 0.1 1.2745098039215685 0.0 4.0758742282217275 1.083743842364532 2.1771991023722346 4
50 0.1 1.650485436893204 0.0 4.0758742282217275 1.083743842364532 1.9966612426821015 5
60 0.1 1.2732615083251715 0.0 4.0758742282217275 1.083743842364532 1.9389652750506186 6
70 0.1 1.36986301369863 0.0 4.0758742282217275 1.083743842364532 1.8438647369469834 7
80 0.1 1.4792899408284024 0.0 4.0758742282217275 1.083743842364532 1.7846145215409392 8
90 0.1 1.8774703557312251 0.0 4.0758742282217275 1.083743842364532 1.7506895681284351 9
100 0.1 1.5640273704789833 0.0 4.0758742282217275 1.083743842364532 1.7633676468887143 10
110 0.1 1.6617790811339197 0.0 4.0758742282217275 1.083743842364532 1.7452458035787386 11
120 0.1 1.264591439688716 0.0 4.0758742282217275 1.083743842364532 1.7382902433750036 12
130 0.1 1.7733990147783252 0.0 4.0758742282217275 1.083743842364532 1.7018518738606736 13
140 0.1 2.8301886792452833 0.0 4.0758742282217275 1.083743842364532 1.70696238392622 14
150 0.1 2.5233644859813085 0.0 4.0758742282217275 1.083743842364532 1.7818441369474909 15
160 0.1 3.1488549618320607 0.0 4.0758742282217275 1.083743842364532 1.8281891587621044 16
170 0.1 2.8544243577545196 0.0 4.0758742282217275 1.083743842364532 1.9058753824721018 17
180 0.1 3.445065176908752 0.0 4.0758742282217275 1.083743842364532 1.958572547765569 18
190 0.1 3.798670465337132 0.0 4.0758742282217275 1.083743842364532 2.036809001931 19
200 0.1 4.1910331384015596 0.0 4.1910331384015596 1.083743842364532 2.1249020751013066 20
210 0.1 4.803921568627452 0.0 4.803921568627452 1.083743842364532 2.223289268591795 21
220 0.1 2.6392961876832843 0.0 4.803921568627452 1.083743842364532 2.340590736775234 22
230 0.1 2.131782945736434 0.0 4.803921568627452 1.083743842364532 2.353577930292975 23
240 0.1 2.073050345508391 0.0 4.803921568627452 1.083743842364532 2.344336472603119 24
250 0.1 1.2572533849129592 0.0 4.803921568627452 1.083743842364532 2.33348502751933 25
