0 0.1 3166.68359375 0 3166.68359375 3166.68359375 0 0
10 0.1 3167.3046875 0.0 3167.3046875 3166.68359375 3166.68359375 1
20 0.1 3167.10546875 0.0 3167.3046875 3166.68359375 3166.994140625 2
30 0.1 3165.64453125 0.0 3167.3046875 3165.64453125 3167.03125 3
40 0.1 3164.59375 0.0 3167.3046875 3164.59375 3166.6845703125 4
50 0.1 3163.2421875 0.0 3167.3046875 3163.2421875 3166.26640625 5
60 0.1 3163.71484375 0.0 3167.3046875 3163.2421875 3165.7623697916665 6
70 0.1 3162.41015625 0.0 3167.3046875 3162.41015625 3165.4698660714284 7
80 0.1 3163.76953125 0.0 3167.3046875 3162.41015625 3165.08740234375 8
90 0.1 3161.33984375 0.0 3167.3046875 3161.33984375 3164.940972222222 9
100 0.1 3160.6015625 0.0 3167.3046875 3160.6015625 3164.580859375 10
110 0.1 3160.03125 0.0 3167.3046875 3160.03125 3164.2191051136365 11
120 0.1 3161.5078125 0.0 3167.3046875 3160.03125 3163.8701171875 12
130 0.1 3161.84375 0.0 3167.3046875 3160.03125 3163.6884014423076 13
140 0.1 3156.66796875 0.0 3167.3046875 3156.66796875 3163.556640625 14
150 0.1 3155.10546875 0.0 3167.3046875 3155.10546875 3163.0973958333334 15
160 0.1 3149.41796875 0.0 3167.3046875 3149.41796875 3162.597900390625 16
170 0.1 3144.80859375 0.0 3167.3046875 3144.80859375 3161.8226102941176 17
180 0.1 3137.3046875 0.0 3167.3046875 3137.3046875 3160.877387152778 18
190 0.1 3134.078125 0.0 3167.3046875 3134.078125 3159.63671875 19
200 0.1 3131.796875 0.0 3167.3046875 3131.796875 3158.3587890625 20
210 0.1 3129.2265625 0.0 3167.3046875 3129.2265625 3157.0939360119046 21
220 0.1 3128.4921875 0.0 3167.3046875 3128.4921875 3155.827237215909 22
230 0.1 3129.76953125 0.0 3167.3046875 3128.4921875 3154.6387567934785 23
240 0.1 3133.57421875 0.0 3167.3046875 3128.4921875 3153.6025390625 24
250 0.1 3133.8046875 0.0 3167.3046875 3128.4921875 3152.80140625 25
