0 0.1 0.140625 0 0.140625 0.140625 0 0
10 0.1 0.12109375 0.0 0.140625 0.12109375 0.140625 1
20 0.1 0.1015625 0.0 0.140625 0.1015625 0.130859375 2
30 0.1 0.08984375 0.0 0.140625 0.08984375 0.12109375 3
40 0.1 0.0703125 0.0 0.140625 0.0703125 0.11328125 4
50 0.1 0.05859375 0.0 0.140625 0.05859375 0.1046875 5
60 0.1 0.05078125 0.0 0.140625 0.05078125 0.09700520833333333 6
70 0.1 0.05078125 0.0 0.140625 0.05078125 0.09040178571428571 7
80 0.1 0.0390625 0.0 0.140625 0.0390625 0.08544921875 8
90 0.1 0.03125 0.0 0.140625 0.03125 0.0802951388888889 9
100 0.1 0.03125 0.0 0.140625 0.03125 0.075390625 10
110 0.1 0.01953125 0.0 0.140625 0.01953125 0.07137784090909091 11
120 0.1 0.08984375 0.0 0.140625 0.01953125 0.06705729166666667 12
130 0.1 0.078125 0.0 0.140625 0.01953125 0.06881009615384616 13
140 0.1 0.0703125 0.0 0.140625 0.01953125 0.06947544642857144 14
150 0.1 0.05859375 0.0 0.140625 0.01953125 0.06953125 15
160 0.1 0.05078125 0.0 0.140625 0.01953125 0.06884765625 16
170 0.1 0.0390625 0.0 0.140625 0.01953125 0.06778492647058823 17
180 0.1 0.109375 0.0 0.140625 0.01953125 0.0661892361111111 18
190 0.1 0.1015625 0.0 0.140625 0.01953125 0.06846217105263158 19
200 0.1 0.078125 0.0 0.140625 0.01953125 0.0701171875 20
210 0.1 0.0703125 0.0 0.140625 0.01953125 0.0704985119047619 21
220 0.1 0.05859375 0.0 0.140625 0.01953125 0.07049005681818182 22
230 0.1 0.05078125 0.0 0.140625 0.01953125 0.06997282608695653 23
240 0.1 0.0390625 0.0 0.140625 0.01953125 0.06917317708333334 24
250 0.1 0.0390625 0.0 0.140625 0.01953125 0.06796875000000001 25
