0 2.1 386.78374953497024 343.64069095162887 1163.198974609375 16.02197265625 0 0
10 4.1 209.1261373380335 269.27535010704673 1163.198974609375 6.6630859375 386.78374953497024 21
20 4.3 45.09460733103197 60.74803307341544 1163.198974609375 6.6630859375 269.3004898563508 62
30 7.5 54.82051106770836 77.9748818291515 1163.198974609375 5.7080078125 177.48284272693454 105
40 5 70.46629394531251 99.33721353589195 1163.198974609375 5.7080078125 126.3735378689236 180
50 6.2 82.93953581779232 114.1694538656452 1163.198974609375 5.7080078125 114.21978918987772 230
60 6.1 34.79803166623975 50.008570287916456 1163.198974609375 5.7080078125 107.57809155607876 292
70 10.5 83.61295805431547 129.21895808501387 1163.198974609375 5.7080078125 95.0013673258233 353
80 13.9 122.73773325089928 196.38738942496622 1168.26611328125 5.7080078125 92.39048747100163 458
90 9.1 57.082562457074175 68.72337199406707 1168.26611328125 5.7080078125 99.45626161405988 597
100 11.4 75.25895182291669 117.37728507299335 1168.26611328125 5.7080078125 93.85160082440044 688
110 10.8 60.425125687210645 91.21241724188938 1168.26611328125 5.7080078125 91.20875545511223 802
120 9.6 74.80545298258464 95.54345024548441 1168.26611328125 5.7080078125 87.55531368046016 910
130 18.4 89.24396680748985 126.43437254988137 1168.26611328125 5.7080078125 86.3386271725118 1006
140 23.2 371.7526908085264 430.32312373914857 2538.316162109375 5.7080078125 86.78785615808823 1190
150 24.5 516.2967155612245 492.2420233652304 3047.662109375 5.7080078125 133.28000920935523 1422
160 28.4 1425.05302063848 749.0655416271001 4651.60791015625 5.7080078125 189.57220660360116 1667
170 27.9 2468.049291904682 1368.5272607283976 7770.195068359375 0.634033203125 369.4166715886886 1951
180 51.3 2104.676767330652 1993.4473080090033 10667.1220703125 0.59716796875 631.9810218434699 2230
190 88.3 1154.0431575926334 1821.4856814612428 10667.1220703125 0.56103515625 907.4068028988562 2743
200 96.1 1172.4247051004836 1643.7813926271165 10667.1220703125 0.557861328125 967.4674485675283 3626
210 51.1 1957.7767446260386 1722.9619819119218 10667.1220703125 0.557861328125 1010.4070438429086 4587
220 22.1 3724.7492046097286 2002.3477929894348 10667.1220703125 0.557861328125 1105.3670118892367 5098
230 18.5 2290.041104043496 1892.3068254234508 10667.1220703125 0.557861328125 1214.2001505602705 5319
240 14.5 687.2295713227371 749.5983777650836 10667.1220703125 0.557861328125 1250.361229120299 5504
250 1.4 112.34293038504464 75.64198666151123 10667.1220703125 0.557861328125 1235.9066193874885 5649
254 0.1 194.302001953125 0.0 10667.1220703125 0.557861328125 1233.1289588460734 5663
