10 0.1 1103 0 1103 1103 0 0
20 0.1 933.0 0.0 1103 933 1103.0 1
30 0.1 783.0 0.0 1103 783 1018.0 2
40 0.1 1179.0 0.0 1179 783 939.6666666666666 3
50 0.1 1045.0 0.0 1179 783 999.5 4
60 0.1 1118.0 0.0 1179 783 1008.6 5
70 0.1 1320.0 0.0 1320 783 1026.8333333333333 6
80 0.1 1944.0 0.0 1944 783 1068.7142857142858 7
90 0.1 2675.0 0.0 2675 783 1178.125 8
100 0.1 1636.0 0.0 2675 783 1344.4444444444443 9
110 0.1 2289.0 0.0 2675 783 1373.6 10
120 0.1 1842.0 0.0 2675 783 1456.8181818181818 11
130 0.1 2371.0 0.0 2675 783 1488.9166666666667 12
140 0.1 3521.0 0.0 3521 783 1556.7692307692307 13
150 0.1 4329.0 0.0 4329 783 1697.0714285714287 14
160 0.1 5055.0 0.0 5055 783 1872.5333333333333 15
170 0.1 4386.0 0.0 5055 783 2071.4375 16
180 0.1 5831.0 0.0 5831 783 2207.5882352941176 17
190 0.1 6684.0 0.0 6684 783 2408.8888888888887 18
200 0.1 7230.0 0.0 7230 783 2633.8947368421054 19
210 0.1 7870.0 0.0 7870 783 2863.7 20
220 0.1 5025.0 0.0 7870 783 3102.095238095238 21
230 0.1 3935.0 0.0 7870 783 3189.5 22
240 0.1 3606.0 0.0 7870 783 3221.913043478261 23
250 0.1 1549.0 0.0 7870 783 3237.9166666666665 24
