0 4 234.06724243164064 263.9846298991725 945.72705078125 6.14599609375 0 0
10 5.8 126.40669618803877 196.07123401991214 945.72705078125 6.14599609375 234.06724243164064 40
20 5.1 38.0132936963848 56.78092039614832 945.72705078125 6.14599609375 170.3497762874681 98
30 9.5 43.269351356907876 65.28279362489727 945.72705078125 5.7080078125 125.05339634018456 149
40 6.8 52.89300178079045 83.88811697152825 945.72705078125 5.7080078125 93.21124767866291 244
50 8.1 62.555419921875014 93.66305658850604 945.72705078125 5.7080078125 84.42393767528044 312
60 7 30.317599051339286 42.34759483838231 945.72705078125 5.7080078125 79.91668592457856 393
70 13.2 66.50219171697445 108.99158977832693 945.72705078125 5.7080078125 72.4179038919074 463
80 18.2 93.73040570269572 161.91122765429563 1105.666015625 5.7080078125 71.10551060267858 595
90 11.7 44.38695663060897 61.305782075256325 1105.666015625 5.7080078125 76.40503558106097 777
100 14.1 60.8397502493351 96.70306487396971 1105.666015625 5.7080078125 72.21475008083404 894
110 14.1 46.271025529144495 74.41317368686214 1105.666015625 5.7080078125 70.66511242262983 1035
120 12.3 58.375674860264226 79.18990571146401 1105.666015625 5.7080078125 67.74031118795175 1176
130 23.8 72.26884191176471 99.49817771196625 1105.666015625 5.7080078125 66.85359042713145 1299
140 30 284.8734464518231 353.8388996228475 2379.363037109375 5.7080078125 67.69212644101741 1537
150 32.6 425.0456610369538 389.0679087739442 2398.0 5.7080078125 103.15995224572166 1837
160 36.8 1098.503384134045 332.3072867275135 3111.0380859375 5.7080078125 151.6734710002023 2163
170 35.6 2103.4596091281173 847.5608067278621 4521.903076171875 0.590087890625 289.3397720801131 2531
180 66.8 1650.7933737018159 1344.5754546113553 4630.494140625 0.069091796875 513.0414215394444 2887
190 110.6 894.4296455590243 1227.7230753245492 5061.037841796875 0.06787109375 726.829974013274 3555
200 124.5 906.1499033242349 1099.6966764414885 5061.037841796875 0.06787109375 766.5993876004011 4661
210 68.5 1437.570625427692 1032.3324834170753 5061.037841796875 0.057861328125 796.016995469716 5906
220 31.5 2636.397613622272 589.4344463849854 5063.140869140625 0.057861328125 862.6934082327585 6591
230 25.1 1464.7258067340015 890.1173774820871 5063.140869140625 0.057861328125 943.596510563731 6906
240 20.4 477.63961612477044 543.6744941815837 5063.140869140625 0.057861328125 961.8728069642813 7157
250 2.3 68.36155103600544 70.51808605228933 5063.140869140625 0.057861328125 948.4529494814311 7361
254 0.1 194.302001953125 0.0 5063.140869140625 0.057861328125 945.7116030344857 7384
