10 0.1 550 0 550 550 0 0
20 0.1 508.0 0.0 550 508 550.0 1
30 0.1 481.0 0.0 550 481 529.0 2
40 0.1 637.0 0.0 637 481 513.0 3
50 0.1 532.0 0.0 637 481 544.0 4
60 0.1 533.0 0.0 637 481 541.6 5
70 0.1 763.0 0.0 763 481 540.1666666666666 6
80 0.1 1133.0 0.0 1133 481 572.0 7
90 0.1 1564.0 0.0 1564 481 642.125 8
100 0.1 931.0 0.0 1564 481 744.5555555555555 9
110 0.1 1235.0 0.0 1564 481 763.2 10
120 0.1 932.0 0.0 1564 481 806.0909090909091 11
130 0.1 1299.0 0.0 1564 481 816.5833333333334 12
140 0.1 1829.0 0.0 1829 481 853.6923076923077 13
150 0.1 2029.0 0.0 2029 481 923.3571428571429 14
160 0.1 2726.0 0.0 2726 481 997.0666666666667 15
170 0.1 2466.0 0.0 2726 481 1105.125 16
180 0.1 3060.0 0.0 3060 481 1185.1764705882354 17
190 0.1 4172.0 0.0 4172 481 1289.3333333333333 18
200 0.1 4920.0 0.0 4920 481 1441.0526315789473 19
210 0.1 5372.0 0.0 5372 481 1615.0 20
220 0.1 2930.0 0.0 5372 481 1793.904761904762 21
230 0.1 2134.0 0.0 5372 481 1845.5454545454545 22
240 0.1 1929.0 0.0 5372 481 1858.0869565217392 23
250 0.1 770.0 0.0 5372 481 1861.0416666666667 24
