0 0.4 4336.12255859375 1017.7520138519415 5952.38916015625 3140.509033203125 0 0
10 0.7 5449.826520647322 2054.796058172981 9537.52197265625 2133.50390625 4336.12255859375 4
20 0.5 10530.845068359375 3528.572446191308 17031.052001953125 2133.50390625 5044.84326171875 11
30 1.6 6720.3704833984375 3580.424983983383 17031.052001953125 1227.23095703125 6759.218826293945 16
40 0.7 9034.107107979911 5163.713311532341 17054.615966796875 1227.23095703125 6739.794654846191 32
50 1.3 9336.62576998197 6258.192144629595 22320.60498046875 1140.451171875 7151.594325921475 39
60 0.9 9902.975124782986 4001.8827136173077 22320.60498046875 1140.451171875 7697.852186936599 52
70 1.8 7890.636393229167 3902.0011005879564 22320.60498046875 1140.451171875 8023.198194159836 61
80 2.4 7810.603749593099 4838.220672975146 22320.60498046875 1140.451171875 7992.994239517405 79
90 2.1 10553.135707310268 6167.514433143186 32760.718994140625 1140.451171875 7950.495484583586 103
100 2.1 9522.997477213541 5516.57561753871 32760.718994140625 1140.451171875 8391.265199722782 124
110 2.2 7800.3331298828125 3533.438926680047 32760.718994140625 1140.451171875 8555.171253704202 145
120 1.7 9297.467443129595 4560.019605757999 32760.718994140625 1140.451171875 8455.731500865457 167
130 2.7 6872.511212384259 2828.5567759524224 32760.718994140625 1140.451171875 8533.500582487686 184
140 4.3 8984.005206440768 3964.9784740448963 32760.718994140625 1140.451171875 8320.956919014736 211
150 3.4 9436.523573931525 4940.412651357191 32760.718994140625 1140.451171875 8433.20525113804 254
160 3.6 11117.820115831164 3962.908398039965 32760.718994140625 1140.451171875 8551.652553134494 288
170 4.5 16416.907915581596 3999.6726098454915 32760.718994140625 1140.451171875 8836.782282323013 324
180 7 17553.063518415172 5896.5328213180865 32760.718994140625 122.0009765625 9761.187847354548 369
190 14.9 14808.351749292156 7547.005653566652 34494.7431640625 53.02001953125 11003.62815936877 439
200 18.2 14295.985214736436 7036.850480163339 47047.97705078125 53.02001953125 11967.750293550038 588
210 13 15261.155697866587 6348.376580310197 47047.97705078125 53.02001953125 12518.060365830459 770
220 7.8 20767.297532301676 5103.394295099371 47047.97705078125 53.02001953125 12914.285247124566 900
230 5.7 23783.539388020832 6979.2127775718745 47047.97705078125 53.02001953125 13540.599110359552 978
240 4.4 16587.267361727627 9490.663517925708 47047.97705078125 53.02001953125 14104.703067680028 1035
250 0.8 14160.301818847656 5902.736400277304 47047.97705078125 53.02001953125 14205.938312293645 1079
254 0.1 16603.343017578125 0.0 47047.97705078125 53.02001953125 14205.602441136729 1087
