0 20.26328125 20.26328125
10 27.71015625 47.9734375
20 21.5375 69.5109375
30 41.371875 110.8828125
40 30.40703125 141.28984375
50 37.81328125 179.103125
60 25.78125 204.884375
70 58.01640625 262.90078125
80 81.0625 343.96328125
90 52.09453125 396.0578125
100 58.80390625 454.86171875
110 63.49765625 518.359375
120 51.9125 570.271875
130 104.84140625 675.11328125
140 132.14375 807.25703125
150 146.89296875 954.15
160 172.72265625 1126.87265625
170 155.1671875 1282.03984375
180 246.3140625 1528.35390625
190 363.6609375 1892.01484375
200 427.7984375 2319.81328125
210 297.00390625 2616.8171875
220 134.61875 2751.4359375
230 108.70859375 2860.14453125
240 93.559375 2953.70390625
250 14.13046875 2967.834375
254 0.73671875 2968.57109375
