0 837.340625 837.340625
10 1011.28125 1848.621875
20 511.37578125 2359.99765625
30 1172.0859375 3532.08359375
40 578.65078125 4110.734375
50 1162.95625 5273.690625
60 861.8546875 6135.5453125
70 1652.08046875 7787.62578125
80 2315.2921875 10102.91796875
90 1227.48515625 11330.403125
100 2137.6796875 13468.0828125
110 1933.4640625 15401.546875
120 1655.16796875 17056.71484375
130 2641.1 19697.81484375
140 3772.98515625 23470.8
150 4174.7140625 27645.5140625
160 4168.98984375 31814.50390625
170 4017.38671875 35831.890625
180 5185.3625 41017.253125
190 5175.29921875 46192.55234375
200 5896.69453125 52089.246875
210 4070.41015625 56159.65703125
220 3632.78125 59792.43828125
230 3147.7828125 62940.22109375
240 2259.2578125 65199.47890625
250 156.7703125 65356.24921875
254 0.07421875 65356.3234375
