0 1 15.0997802734375 33.45860615834114 115.14208984375 1.2529296875 0 0
10 0.6 2.7281901041666665 2.3320788902757013 115.14208984375 0.761962890625 15.0997802734375 10
20 1.4 4.129411969866071 2.739011883501959 115.14208984375 0.75 10.460433959960938 16
30 1.1 3.6409135298295454 2.239056139899094 115.14208984375 0.75 7.50595703125 30
40 0.6 2.5724283854166665 2.4438604675695634 115.14208984375 0.668212890625 6.468994140625 41
50 1.3 3.4071326622596154 2.5424855389223477 115.14208984375 0.60986328125 5.971560214428192 47
60 1.7 4.474408318014706 3.409727213880403 115.14208984375 0.60986328125 5.415934244791667 60
70 2.5 2.695048828125 2.5958768383031923 115.14208984375 0.5458984375 5.208064884334416 77
80 1.8 4.099568684895833 3.7625662191347087 115.14208984375 0.5458984375 4.592129576439951 102
90 2.1 4.881103515625 3.9801540545385827 115.14208984375 0.5458984375 4.518245442708333 120
100 3 2.3130208333333324 2.175995475896016 115.14208984375 0.5458984375 4.572288134419326 141
110 0.8 2.505859375 2.6610827520019016 115.14208984375 0.5458984375 4.1759254500182745 171
120 4.4 3.5994928533380683 3.2084072501416347 115.14208984375 0.501953125 4.101285625436453 179
130 4.3 2.3842830214389537 2.426965003024505 115.14208984375 0.5009765625 4.002277186098655 223
140 3.4 2.8920826631433822 2.6433799986078617 115.14208984375 0.5009765625 3.740721738428102 266
150 9.7 3.0277640745811842 3.351782877576323 115.14208984375 0.48486328125 3.6445426432291668 300
160 7 2.9447823660714287 2.8895467772349583 115.14208984375 0.48486328125 3.4938435974889797 397
170 7.2 3.018229166666666 2.9377848521453083 115.14208984375 0.48486328125 3.411543198775428 467
180 14 3.3402343749999996 3.161376163384131 115.14208984375 0.467041015625 3.3590040330762987 539
190 16 3.1460083007812494 3.31575498204805 115.14208984375 0.467041015625 3.3551340004832473 679
200 15.7 3.2559169113256368 3.2287459441359796 115.14208984375 0.467041015625 3.315253056559148 839
210 4.1 3.480695026676829 3.4136434355836403 115.14208984375 0.467041015625 3.305899869007279 996
220 1.4 4.734357561383929 3.6435614010388315 115.14208984375 0.467041015625 3.312810767237223 1037
230 2.4 4.624501546223958 3.6696019221693112 115.14208984375 0.467041015625 3.3317466902800903 1051
240 1.5 2.798697916666667 2.0701997447788223 115.14208984375 0.467041015625 3.3606081940406978 1075
250 0 0 0 115.14208984375 0.467041015625 3.3528754838016055 1090
260 0 0 0 115.14208984375 0.467041015625 3.3528754838016055 1090
270 0 0 0 115.14208984375 0.467041015625 3.3528754838016055 1090
280 0 0 0 115.14208984375 0.467041015625 3.3528754838016055 1090
290 0 0 0 115.14208984375 0.467041015625 3.3528754838016055 1090
300 0 0 0 115.14208984375 0.467041015625 3.3528754838016055 1090
310 0 0 0 115.14208984375 0.467041015625 3.3528754838016055 1090
320 0 0 0 115.14208984375 0.467041015625 3.3528754838016055 1090
330 0 0 0 115.14208984375 0.467041015625 3.3528754838016055 1090
340 0 0 0 115.14208984375 0.467041015625 3.3528754838016055 1090
348 0 0 0 115.14208984375 0.467041015625 3.3528754838016055 1090
