0 0.1 26.04115367321157 0 26.04115367321157 26.04115367321157 0 0
10 0.1 1.8627450980392157 0.0 26.04115367321157 1.8627450980392157 26.04115367321157 1
20 0.1 1.3685239491691104 0.0 26.04115367321157 1.3685239491691104 13.951949385625394 2
30 0.1 1.1741682974559686 0.0 26.04115367321157 1.1741682974559686 9.757474240139965 3
40 0.1 1.0794896957801767 0.0 26.04115367321157 1.0794896957801767 7.611647754468966 4
50 0.1 1.26953125 0.0 26.04115367321157 1.0794896957801767 6.305216142731208 5
60 0.1 1.0752688172043012 0.0 26.04115367321157 1.0752688172043012 5.465935327276007 6
70 0.1 1.7769002961500493 0.0 26.04115367321157 1.0752688172043012 4.838697254408621 7
80 0.1 13.227016885553471 0.0 26.04115367321157 1.0752688172043012 4.455972634626299 8
90 0.1 1.080550098231827 0.0 26.04115367321157 1.0752688172043012 5.43053310695154 9
100 0.1 1.4534883720930232 0.0 26.04115367321157 1.0752688172043012 4.995534806079569 10
110 0.1 1.170731707317073 0.0 26.04115367321157 1.0752688172043012 4.673530584808064 11
120 0.1 1.183431952662722 0.0 26.04115367321157 1.0752688172043012 4.381630678350481 12
130 0.1 1.3725490196078431 0.0 26.04115367321157 1.0752688172043012 4.135615391759115 13
140 0.1 1.6898608349900597 0.0 26.04115367321157 1.0752688172043012 3.9382535080340246 14
150 0.1 1.761252446183953 0.0 26.04115367321157 1.0752688172043012 3.788360663164427 15
160 0.1 2.3904382470119523 0.0 26.04115367321157 1.0752688172043012 3.6616663996031473 16
170 0.1 1.9762845849802373 0.0 26.04115367321157 1.0752688172043012 3.586888272980136 17
180 0.1 2.1760633036597428 0.0 26.04115367321157 1.0752688172043012 3.4974102903134745 18
190 0.1 3.149606299212598 0.0 26.04115367321157 1.0752688172043012 3.427865712068541 19
200 0.1 3.77541142303969 0.0 26.04115367321157 1.0752688172043012 3.4139527414257436 20
210 0.1 3.326612903225806 0.0 26.04115367321157 1.0752688172043012 3.431165059597836 21
220 0.1 2.127659574468085 0.0 26.04115367321157 1.0752688172043012 3.426412688853653 22
230 0.1 1.171875 0.0 26.04115367321157 1.0752688172043012 3.369945162141237 23
240 0.1 1.183431952662722 0.0 26.04115367321157 1.0752688172043012 3.278358905385352 24
250 0.1 1.1822660098522169 0.0 26.04115367321157 1.0752688172043012 3.1945618272764467 25
260 0.1 0.7858546168958742 0.0 26.04115367321157 0.7858546168958742 3.1171658342985915 26
270 0.1 1.085883514313919 0.0 26.04115367321157 0.7858546168958742 3.0308209743947874 27
280 0.1 0.9881422924901186 0.0 26.04115367321157 0.7858546168958742 2.9613589222490417 28
290 0.1 1.2658227848101267 0.0 26.04115367321157 0.7858546168958742 2.8933169694987346 29
300 0.1 1.1684518013631937 0.0 26.04115367321157 0.7858546168958742 2.8390671633424476 30
310 0.1 0.983284169124877 0.0 26.04115367321157 0.7858546168958742 2.7851763452140843 31
320 0.1 1.2633624878522838 0.0 26.04115367321157 0.7858546168958742 2.7288672147112965 32
330 0.1 1.066925315227934 0.0 26.04115367321157 0.7858546168958742 2.684457980564054 33
340 0.1 1.2609117361784674 0.0 26.04115367321157 0.7858546168958742 2.6368834904071092 34
348 0.1 0.9794319294809012 0.0 26.04115367321157 0.7858546168958742 2.5975700117148626 35
