0 0.1 4.15036674816626 0 4.15036674816626 4.15036674816626 0 0
10 0.1 1.9723865877712032 0.0 4.15036674816626 1.9723865877712032 4.15036674816626 1
20 0.1 1.089108910891089 0.0 4.15036674816626 1.089108910891089 3.0613766679687315 2
30 0.1 0.893743793445879 0.0 4.15036674816626 0.893743793445879 2.4039540822761842 3
40 0.1 0.992063492063492 0.0 4.15036674816626 0.893743793445879 2.0264015100686077 4
50 0.1 1.1892963330029733 0.0 4.15036674816626 0.893743793445879 1.8195339064675846 5
60 0.1 1.0901883052527255 0.0 4.15036674816626 0.893743793445879 1.7144943108901494 6
70 0.1 1.1916583912611718 0.0 4.15036674816626 0.893743793445879 1.6253077386562318 7
80 0.1 1.1904761904761905 0.0 4.15036674816626 0.893743793445879 1.5711015702318492 8
90 0.1 1.3861386138613863 0.0 4.15036674816626 0.893743793445879 1.5288098613701093 9
100 0.1 1.1916583912611718 0.0 4.15036674816626 0.893743793445879 1.514542736619237 10
110 0.1 1.0912698412698412 0.0 4.15036674816626 0.893743793445879 1.4851896143139585 11
120 0.1 1.0945273631840797 0.0 4.15036674816626 0.893743793445879 1.4523629665602822 12
130 0.1 1.3958125623130608 0.0 4.15036674816626 0.893743793445879 1.424837150915959 13
140 0.1 1.8943170488534395 0.0 4.15036674816626 0.893743793445879 1.422763966015752 14
150 0.1 1.7999999999999998 0.0 4.15036674816626 0.893743793445879 1.4542008382049312 15
160 0.1 2.3069207622868606 0.0 4.15036674816626 0.893743793445879 1.4758132858171231 16
170 0.1 3.1093279839518555 0.0 4.15036674816626 0.893743793445879 1.5247019609035783 17
180 0.1 2.932254802831143 0.0 4.15036674816626 0.893743793445879 1.612736739961816 18
190 0.1 3.741152679474216 0.0 4.15036674816626 0.893743793445879 1.6821850590602017 19
200 0.1 4.665314401622718 0.0 4.665314401622718 0.893743793445879 1.7851334400809022 20
210 0.1 4.9281314168377826 0.0 4.9281314168377826 0.893743793445879 1.9222849144400362 21
220 0.1 2.2222222222222223 0.0 4.9281314168377826 0.893743793445879 2.058914300912661 22
230 0.1 1.996007984031936 0.0 4.9281314168377826 0.893743793445879 2.066014645317425 23
240 0.1 1.1964107676969093 0.0 4.9281314168377826 0.893743793445879 2.063097701097196 24
250 0.1 1.0934393638170974 0.0 4.9281314168377826 0.893743793445879 2.0284302237611844 25
260 0.1 1.0880316518298714 0.0 4.9281314168377826 0.893743793445879 1.9924690368402582 26
270 0.1 1.0934393638170974 0.0 4.9281314168377826 0.893743793445879 1.9589713559139474 27
280 0.1 1.089108910891089 0.0 4.9281314168377826 0.893743793445879 1.9280594990533457 28
290 0.1 1.3861386138613863 0.0 4.9281314168377826 0.893743793445879 1.8991301684270612 29
300 0.1 1.0880316518298714 0.0 4.9281314168377826 0.893743793445879 1.8820304499415386 30
310 0.1 0.9900990099009901 0.0 4.9281314168377826 0.893743793445879 1.8564175854863236 31
