0 0.1 3167.8828125 0 3167.8828125 3167.8828125 0 0
10 0.1 3168.515625 0.0 3168.515625 3167.8828125 3167.8828125 1
20 0.1 3167.1953125 0.0 3168.515625 3167.1953125 3168.19921875 2
30 0.1 3165.8125 0.0 3168.515625 3165.8125 3167.8645833333335 3
40 0.1 3165.1953125 0.0 3168.515625 3165.1953125 3167.3515625 4
50 0.1 3164.125 0.0 3168.515625 3164.125 3166.9203125 5
60 0.1 3163.3984375 0.0 3168.515625 3163.3984375 3166.4544270833335 6
70 0.1 3162.18359375 0.0 3168.515625 3162.18359375 3166.0178571428573 7
80 0.1 3160.29296875 0.0 3168.515625 3160.29296875 3165.53857421875 8
90 0.1 3159.5625 0.0 3168.515625 3159.5625 3164.9557291666665 9
100 0.1 3157.95703125 0.0 3168.515625 3157.95703125 3164.41640625 10
110 0.1 3157.0859375 0.0 3168.515625 3157.0859375 3163.829190340909 11
120 0.1 3155.62890625 0.0 3168.515625 3155.62890625 3163.2672526041665 12
130 0.1 3155.46875 0.0 3168.515625 3155.46875 3162.6796875 13
140 0.1 3154.578125 0.0 3168.515625 3154.578125 3162.164620535714 14
150 0.1 3154.61328125 0.0 3168.515625 3154.578125 3161.6588541666665 15
160 0.1 3153.78515625 0.0 3168.515625 3153.78515625 3161.218505859375 16
170 0.1 3153.26953125 0.0 3168.515625 3153.26953125 3160.78125 17
180 0.1 3153.01171875 0.0 3168.515625 3153.01171875 3160.3639322916665 18
190 0.1 3152.25390625 0.0 3168.515625 3152.25390625 3159.9769736842104 19
200 0.1 3151.03515625 0.0 3168.515625 3151.03515625 3159.5908203125 20
210 0.1 3149.8828125 0.0 3168.515625 3149.8828125 3159.1834077380954 21
220 0.1 3150.09765625 0.0 3168.515625 3149.8828125 3158.760653409091 22
230 0.1 3150.140625 0.0 3168.515625 3149.8828125 3158.3840013586955 23
240 0.1 3150.00390625 0.0 3168.515625 3149.8828125 3158.04052734375 24
250 0.1 3149.890625 0.0 3168.515625 3149.8828125 3157.7190625 25
260 0.1 3149.78125 0.0 3168.515625 3149.78125 3157.41796875 26
270 0.1 3149.8828125 0.0 3168.515625 3149.78125 3157.135127314815 27
280 0.1 3150.01171875 0.0 3168.515625 3149.78125 3156.8761160714284 28
290 0.1 3149.828125 0.0 3168.515625 3149.78125 3156.639412715517 29
300 0.1 3149.59375 0.0 3168.515625 3149.59375 3156.4123697916666 30
310 0.1 3149.484375 0.0 3168.515625 3149.484375 3156.192414314516 31
320 0.1 3149.8046875 0.0 3168.515625 3149.484375 3155.9827880859375 32
330 0.1 3149.45703125 0.0 3168.515625 3149.45703125 3155.7955729166665 33
340 0.1 3149.859375 0.0 3168.515625 3149.45703125 3155.6091452205883 34
348 0.1 3149.890625 0.0 3168.515625 3149.45703125 3155.4448660714284 35
