0 0.1 3168.953125 0 3168.953125 3168.953125 0 0
10 0.1 3169.21875 0.0 3169.21875 3168.953125 3168.953125 1
20 0.1 3168.26171875 0.0 3169.21875 3168.26171875 3169.0859375 2
30 0.1 3166.6796875 0.0 3169.21875 3166.6796875 3168.8111979166665 3
40 0.1 3166.34765625 0.0 3169.21875 3166.34765625 3168.2783203125 4
50 0.1 3166.11328125 0.0 3169.21875 3166.11328125 3167.8921875 5
60 0.1 3165.87890625 0.0 3169.21875 3165.87890625 3167.595703125 6
70 0.1 3164.65625 0.0 3169.21875 3164.65625 3167.3504464285716 7
80 0.1 3163.84375 0.0 3169.21875 3163.84375 3167.013671875 8
90 0.1 3163.0078125 0.0 3169.21875 3163.0078125 3166.6614583333335 9
100 0.1 3161.56640625 0.0 3169.21875 3161.56640625 3166.29609375 10
110 0.1 3160.734375 0.0 3169.21875 3160.734375 3165.866122159091 11
120 0.1 3159.29296875 0.0 3169.21875 3159.29296875 3165.4384765625 12
130 0.1 3158.33984375 0.0 3169.21875 3158.33984375 3164.9657451923076 13
140 0.1 3157.01953125 0.0 3169.21875 3157.01953125 3164.4924665178573 14
150 0.1 3156.546875 0.0 3169.21875 3156.546875 3163.9942708333333 15
160 0.1 3155.5078125 0.0 3169.21875 3155.5078125 3163.52880859375 16
170 0.1 3154.98046875 0.0 3169.21875 3154.98046875 3163.0569852941176 17
180 0.1 3154.91796875 0.0 3169.21875 3154.91796875 3162.6082899305557 18
190 0.1 3154.47265625 0.0 3169.21875 3154.47265625 3162.2035361842104 19
200 0.1 3153.421875 0.0 3169.21875 3153.421875 3161.8169921875 20
210 0.1 3152.9453125 0.0 3169.21875 3152.9453125 3161.4172247023807 21
220 0.1 3152.69921875 0.0 3169.21875 3152.69921875 3161.032137784091 22
230 0.1 3152.578125 0.0 3169.21875 3152.578125 3160.6698369565215 23
240 0.1 3152.7421875 0.0 3169.21875 3152.578125 3160.3326822916665 24
250 0.1 3152.7421875 0.0 3169.21875 3152.578125 3160.0290625 25
260 0.1 3152.7734375 0.0 3169.21875 3152.578125 3159.748798076923 26
270 0.1 3152.5546875 0.0 3169.21875 3152.5546875 3159.4904513888887 27
280 0.1 3152.79296875 0.0 3169.21875 3152.5546875 3159.242745535714 28
290 0.1 3152.74609375 0.0 3169.21875 3152.5546875 3159.0203394396553 29
300 0.1 3152.76953125 0.0 3169.21875 3152.5546875 3158.8111979166665 30
310 0.1 3152.7265625 0.0 3169.21875 3152.5546875 3158.6163054435483 31
