0 0.1 0.01953125 0 0.01953125 0.01953125 0 0
10 0.1 0.01953125 0.0 0.01953125 0.01953125 0.01953125 1
20 0.1 0.01953125 0.0 0.01953125 0.01953125 0.01953125 2
30 0.1 0.01171875 0.0 0.01953125 0.01171875 0.01953125 3
40 0.1 0.01171875 0.0 0.01953125 0.01171875 0.017578125 4
50 0.1 0.01171875 0.0 0.01953125 0.01171875 0.01640625 5
60 0.1 0.01171875 0.0 0.01953125 0.01171875 0.015625 6
70 0.1 0.01171875 0.0 0.01953125 0.01171875 0.015066964285714286 7
80 0.1 0.08984375 0.0 0.08984375 0.01171875 0.0146484375 8
90 0.1 0.0703125 0.0 0.08984375 0.01171875 0.023003472222222224 9
100 0.1 0.140625 0.0 0.140625 0.01171875 0.027734375 10
110 0.1 0.12109375 0.0 0.140625 0.01171875 0.03799715909090909 11
120 0.1 0.1015625 0.0 0.140625 0.01171875 0.044921875 12
130 0.1 0.078125 0.0 0.140625 0.01171875 0.04927884615384615 13
140 0.1 0.1484375 0.0 0.1484375 0.01171875 0.05133928571428571 14
150 0.1 0.12890625 0.0 0.1484375 0.01171875 0.0578125 15
160 0.1 0.109375 0.0 0.1484375 0.01171875 0.062255859375 16
170 0.1 0.08984375 0.0 0.1484375 0.01171875 0.06502757352941177 17
180 0.1 0.078125 0.0 0.1484375 0.01171875 0.06640625 18
190 0.1 0.05859375 0.0 0.1484375 0.01171875 0.06702302631578948 19
200 0.1 0.05078125 0.0 0.1484375 0.01171875 0.0666015625 20
210 0.1 0.05078125 0.0 0.1484375 0.01171875 0.06584821428571429 21
220 0.1 0.0390625 0.0 0.1484375 0.01171875 0.06516335227272728 22
230 0.1 0.03125 0.0 0.1484375 0.01171875 0.06402853260869566 23
240 0.1 0.03125 0.0 0.1484375 0.01171875 0.06266276041666667 24
250 0.1 0.01953125 0.0 0.1484375 0.01171875 0.06140625 25
260 0.1 0.01953125 0.0 0.1484375 0.01171875 0.05979567307692308 26
270 0.1 0.01953125 0.0 0.1484375 0.01171875 0.05830439814814815 27
280 0.1 0.01171875 0.0 0.1484375 0.01171875 0.056919642857142856 28
290 0.1 0.01171875 0.0 0.1484375 0.01171875 0.055360991379310345 29
300 0.1 0.01171875 0.0 0.1484375 0.01171875 0.05390625 30
310 0.1 0.01171875 0.0 0.1484375 0.01171875 0.052545362903225805 31
320 0.1 0.01171875 0.0 0.1484375 0.01171875 0.05126953125 32
330 0.1 0.01171875 0.0 0.1484375 0.01171875 0.05007102272727273 33
340 0.1 0.01171875 0.0 0.1484375 0.01171875 0.04894301470588235 34
348 0.1 0.0 0.0 0.1484375 0.0 0.04787946428571429 35
