0 0.1 0.05078125 0 0.05078125 0.05078125 0 0
10 0.1 0.3203125 0.0 0.3203125 0.05078125 0.05078125 1
20 0.1 0.26953125 0.0 0.3203125 0.05078125 0.185546875 2
30 0.1 0.23046875 0.0 0.3203125 0.05078125 0.21354166666666666 3
40 0.1 0.19140625 0.0 0.3203125 0.05078125 0.2177734375 4
50 0.1 0.16015625 0.0 0.3203125 0.05078125 0.2125 5
60 0.1 0.140625 0.0 0.3203125 0.05078125 0.20377604166666666 6
70 0.1 0.12109375 0.0 0.3203125 0.05078125 0.19475446428571427 7
80 0.1 0.1015625 0.0 0.3203125 0.05078125 0.185546875 8
90 0.1 0.078125 0.0 0.3203125 0.05078125 0.1762152777777778 9
100 0.1 0.0703125 0.0 0.3203125 0.05078125 0.16640625 10
110 0.1 0.05859375 0.0 0.3203125 0.05078125 0.15767045454545456 11
120 0.1 0.05078125 0.0 0.3203125 0.05078125 0.14941406250000003 12
130 0.1 0.0390625 0.0 0.3203125 0.0390625 0.1418269230769231 13
140 0.1 0.0390625 0.0 0.3203125 0.0390625 0.13448660714285715 14
150 0.1 0.03125 0.0 0.3203125 0.03125 0.128125 15
160 0.1 0.03125 0.0 0.3203125 0.03125 0.12207031249999999 16
170 0.1 0.01953125 0.0 0.3203125 0.01953125 0.11672794117647058 17
180 0.1 0.01953125 0.0 0.3203125 0.01953125 0.111328125 18
190 0.1 0.01953125 0.0 0.3203125 0.01953125 0.10649671052631579 19
200 0.1 0.01171875 0.0 0.3203125 0.01171875 0.1021484375 20
210 0.1 0.01171875 0.0 0.3203125 0.01171875 0.0978422619047619 21
220 0.1 0.01171875 0.0 0.3203125 0.01171875 0.09392755681818182 22
230 0.1 0.01171875 0.0 0.3203125 0.01171875 0.09035326086956522 23
240 0.1 0.078125 0.0 0.3203125 0.01171875 0.08707682291666667 24
250 0.1 0.0703125 0.0 0.3203125 0.01171875 0.08671875 25
260 0.1 0.05859375 0.0 0.3203125 0.01171875 0.08608774038461539 26
270 0.1 0.05078125 0.0 0.3203125 0.01171875 0.08506944444444445 27
280 0.1 0.0390625 0.0 0.3203125 0.01171875 0.08384486607142858 28
290 0.1 0.0390625 0.0 0.3203125 0.01171875 0.08230064655172414 29
300 0.1 0.03125 0.0 0.3203125 0.01171875 0.080859375 30
310 0.1 0.03125 0.0 0.3203125 0.01171875 0.07925907258064516 31
