0 1.4 955.0182233537946 1035.9284475190368 3823.093017578125 13.25 0 0
10 1.7 5033.975212545956 2519.1983326418786 8733.785888671875 13.25 955.0182233537946 14
20 3.1 4668.6988170992945 1380.451376377108 8733.785888671875 13.25 3191.8656045236894 31
30 2.7 7582.228470413773 2115.881117144428 11978.01904296875 13.25 3930.282210811492 62
40 2.9 8959.131120352908 2313.52169169405 14923.248046875 13.25 5038.176019904319 89
50 4.1 8289.913127620046 2514.3344391879236 16839.965087890625 13.25 6001.800578489142 118
60 3.1 9110.973199659775 1661.674445594859 16839.965087890625 13.25 6591.817021975728 159
70 2.9 12816.586888806572 2320.1877208549613 22486.537841796875 13.25 7002.837240439967 190
80 3 17978.659773763018 5226.535111747632 36392.299072265625 13.25 7772.694499812714 219
90 3 17895.876407877604 10588.402175324232 37768.31396484375 1.239990234375 9002.328870168172 249
100 11.7 6127.10064853766 10375.722993293753 37768.31396484375 0.64208984375 9958.624304330477 279
110 12.6 7339.4675021701405 13250.668945561156 55241.35498046875 0.614013671875 8826.583224209871 396
120 16.5 4540.497182765151 11650.456506600787 55241.35498046875 0.5791015625 8467.624256820971 522
130 26 6590.393162184495 13823.328665644378 63319.287109375 0.5791015625 7524.427797986604 687
140 23.9 5634.9250457636 12329.348235471623 66102.42407226563 0.5791015625 7267.9874544717695 947
150 36.4 2076.6450228848307 6260.856945551114 66102.42407226563 0.550048828125 6938.896463172231 1186
160 39.9 1883.4073899347984 6657.772011782257 66102.42407226563 0.550048828125 5797.051608807964 1550
170 39.1 3158.0615971167667 10085.895166854709 87671.2021484375 0.550048828125 4995.848918540959 1949
180 53.8 2005.276747012227 7805.503035141773 87671.2021484375 0.550048828125 4688.765652439737 2340
190 79.8 956.9430782155589 5422.841604058316 87671.2021484375 0.5390625 4187.12665622014 2878
200 81.2 1290.7308343596062 6546.0321854072035 87671.2021484375 0.538818359375 3485.9061732909627 3676
210 49.5 1900.0209975733906 8148.3246051690585 87671.2021484375 0.538818359375 3088.7398686536494 4488
220 15.5 9945.076375063005 16454.22015696042 87888.89404296875 0.538818359375 2970.655212586074 4983
230 11.1 10418.69287989161 14823.722636966804 87888.89404296875 0.538818359375 3181.0552281921314 5138
240 8.5 10002.938140510112 14987.116943480873 87895.05102539063 0.538818359375 3334.1087201598666 5249
250 3.4 23219.739107019763 12748.28510078354 87895.05102539063 0.538818359375 3440.3799051485753 5334
260 3.4 30140.807387408087 12924.470908747911 87895.05102539063 0.538818359375 3565.6590059055834 5368
270 4.6 31490.606832753056 12893.288733802183 87895.05102539063 0.538818359375 3732.9220649524336 5402
280 3.9 28060.845540364582 16747.521383564184 87895.05102539063 0.538818359375 3967.293118425053 5448
290 2.7 21143.032199435766 14168.650369721196 87895.05102539063 0.538818359375 4138.543080964809 5487
300 4.2 21679.285574776783 11419.536634945518 87895.05102539063 0.538818359375 4221.8077175623275 5514
310 2.7 21981.730215567124 11984.11198041467 87895.05102539063 0.538818359375 4353.7756927248565 5556
320 2.1 22006.941603887648 11956.531334604393 87895.05102539063 0.538818359375 4439.026413146985 5583
330 2.5 20865.358476562506 11474.68952536325 87895.05102539063 0.538818359375 4504.859071784664 5604
340 1.3 19405.465425931496 10837.4111219595 87895.05102539063 0.538818359375 4577.520731958663 5629
348 1.1 13874.061678799715 3529.53381411332 87895.05102539063 0.538818359375 4611.686503142932 5642
