10 0.1 267 0 267 267 0 0
20 0.1 410.0 0.0 410 267 267.0 1
30 0.1 674.0 0.0 674 267 338.5 2
40 0.1 478.0 0.0 674 267 450.3333333333333 3
50 0.1 682.0 0.0 682 267 457.25 4
60 0.1 665.0 0.0 682 267 502.2 5
70 0.1 624.0 0.0 682 267 529.3333333333334 6
80 0.1 622.0 0.0 682 267 542.8571428571429 7
90 0.1 534.0 0.0 682 267 552.75 8
100 0.1 661.0 0.0 682 267 550.6666666666666 9
110 0.1 806.0 0.0 806 267 561.7 10
120 0.1 699.0 0.0 806 267 583.9090909090909 11
130 0.1 897.0 0.0 897 267 593.5 12
140 0.1 1135.0 0.0 1135 267 616.8461538461538 13
150 0.1 914.0 0.0 1135 267 653.8571428571429 14
160 0.1 1414.0 0.0 1414 267 671.2 15
170 0.1 1433.0 0.0 1433 267 717.625 16
180 0.1 1297.0 0.0 1433 267 759.7058823529412 17
190 0.1 1920.0 0.0 1920 267 789.5555555555555 18
200 0.1 2168.0 0.0 2168 267 849.0526315789474 19
210 0.1 2036.0 0.0 2168 267 915.0 20
220 0.1 1251.0 0.0 2168 267 968.3809523809524 21
230 0.1 822.0 0.0 2168 267 981.2272727272727 22
240 0.1 850.0 0.0 2168 267 974.304347826087 23
250 0.1 687.0 0.0 2168 267 969.125 24
260 0.1 601.0 0.0 2168 267 957.84 25
270 0.1 747.0 0.0 2168 267 944.1153846153846 26
280 0.1 579.0 0.0 2168 267 936.8148148148148 27
290 0.1 666.0 0.0 2168 267 924.0357142857143 28
300 0.1 606.0 0.0 2168 267 915.1379310344828 29
310 0.1 607.0 0.0 2168 267 904.8333333333334 30
320 0.1 538.0 0.0 2168 267 895.2258064516129 31
330 0.1 455.0 0.0 2168 267 884.0625 32
340 0.1 597.0 0.0 2168 267 871.060606060606 33
348 0.1 587.0 0.0 2168 267 863.0 34
