10 0.1 199 0 199 199 0 0
20 0.1 258.0 0.0 258 199 199.0 1
30 0.1 468.0 0.0 468 199 228.5 2
40 0.1 565.0 0.0 565 199 308.3333333333333 3
50 0.1 358.0 0.0 565 199 372.5 4
60 0.1 536.0 0.0 565 199 369.6 5
70 0.1 636.0 0.0 636 199 397.3333333333333 6
80 0.1 473.0 0.0 636 199 431.42857142857144 7
90 0.1 460.0 0.0 636 199 436.625 8
100 0.1 519.0 0.0 636 199 439.22222222222223 9
110 0.1 509.0 0.0 636 199 447.2 10
120 0.1 519.0 0.0 636 199 452.8181818181818 11
130 0.1 836.0 0.0 836 199 458.3333333333333 12
140 0.1 1202.0 0.0 1202 199 487.38461538461536 13
150 0.1 921.0 0.0 1202 199 538.4285714285714 14
160 0.1 983.0 0.0 1202 199 563.9333333333333 15
170 0.1 1469.0 0.0 1469 199 590.125 16
180 0.1 1401.0 0.0 1469 199 641.8235294117648 17
190 0.1 1626.0 0.0 1626 199 684.0 18
200 0.1 1944.0 0.0 1944 199 733.578947368421 19
210 0.1 2434.0 0.0 2434 199 794.1 20
220 0.1 1235.0 0.0 2434 199 872.1904761904761 21
230 0.1 1644.0 0.0 2434 199 888.6818181818181 22
240 0.1 775.0 0.0 2434 199 921.5217391304348 23
250 0.1 736.0 0.0 2434 199 915.4166666666666 24
260 0.1 518.0 0.0 2434 199 908.24 25
270 0.1 776.0 0.0 2434 199 893.2307692307693 26
280 0.1 847.0 0.0 2434 199 888.8888888888889 27
290 0.1 778.0 0.0 2434 199 887.3928571428571 28
300 0.1 718.0 0.0 2434 199 883.6206896551724 29
310 0.1 651.0 0.0 2434 199 878.1 30
