0 1.5 891.345947265625 1028.1837106032567 3823.093017578125 13.25 0 0
10 2.4 3771.5939331054688 2202.1530238394403 7461.295166015625 13.25 891.345947265625 15
20 3.7 4010.545548722551 1277.7855277091571 7461.295166015625 13.25 2663.8062462439902 39
30 3.1 6588.784085181452 1324.5051621417622 9074.239013671875 13.25 3319.4556435032896 76
40 3.5 7865.562395368303 1210.6274405505799 10338.663818359375 13.25 4266.6442574474295 107
50 4.3 7652.348746366279 1729.9104684347571 10773.3271484375 13.25 5153.701544963138 142
60 3.9 9073.29224884816 1340.3651085215515 11746.35498046875 13.25 5734.46819177576 185
70 3.7 12385.729610958615 1398.5227558053348 14886.173095703125 13.25 6315.781308855329 224
80 3.4 15327.755083869486 1278.317763895051 17598.468994140625 13.25 7176.27206432591 261
90 4.6 14100.949876868204 8449.384922566944 21237.48486328125 0.0859375 8115.765022510594 295
100 15.8 5779.836116742485 9772.810466557989 23945.943115234375 0.069091796875 8923.150662687867 341
110 15.6 6119.421837439903 10604.65780003033 26722.2060546875 0.069091796875 7927.872710264279 499
120 23.2 3740.3292057431972 9530.248536646659 30198.791015625 0.069091796875 7497.157693225191 655
130 32.3 4896.500170067001 10301.734097515096 31355.740966796875 0.069091796875 6514.537389847714 887
140 32.5 3450.511619591346 7571.911135449139 31355.740966796875 0.06298828125 6082.615057625259 1210
150 47.5 1966.8697245065778 5797.953647012426 31355.740966796875 0.05517578125 5525.329313416124 1535
160 51.8 1805.891822608742 6079.937199354755 31355.740966796875 0.05517578125 4684.399808574316 2010
170 52.3 2395.618782116396 6851.418869086711 31355.740966796875 0.05517578125 4094.5789475259903 2528
180 67.2 1533.5580313546322 5588.67201428834 31355.740966796875 0.05517578125 3803.344543557056 3051
190 109.5 643.9153859874428 3822.2016945019113 31355.740966796875 0.05517578125 3393.648992603516 3723
200 106.3 973.4948863678127 4909.611546104233 31355.740966796875 0.05517578125 2768.7095365544087 4818
210 62.9 1526.0375832950363 6375.862440211856 31355.740966796875 0.05517578125 2444.2216649087104 5881
220 21.2 7659.205124189268 11625.592460344351 31672.244873046875 0.05517578125 2355.506182983211 6510
230 14.1 7837.018989292445 9213.087686049428 31672.244873046875 0.05517578125 2522.775474196493 6722
240 10.7 8059.0875460901 9133.214454601888 31672.244873046875 0.05517578125 2631.9563478127734 6863
250 5.1 18147.90455537684 7919.363292418511 31672.244873046875 0.05517578125 2715.2709874419947 6970
260 4.8 23199.609756469723 1110.3386896318393 31672.244873046875 0.05517578125 2827.3724419306254 7021
270 5.9 21721.658438989674 2700.6802664043576 31672.244873046875 0.05517578125 2965.704227345518 7069
280 5 16907.27946777344 2179.432135483936 31672.244873046875 0.05517578125 3120.9513230928533 7128
290 4 16060.761999511718 1553.9077509122756 31672.244873046875 0.05517578125 3216.983143548973 7178
300 6.1 14491.642321977459 2141.822391174391 31672.244873046875 0.05517578125 3288.159529561513 7218
310 3.7 12179.334894953547 1281.3487536057733 31672.244873046875 0.05517578125 3382.047762881663 7279
320 3.6 13316.17932128906 1866.8758668232135 31672.244873046875 0.05517578125 3426.539236895695 7316
330 3.6 10131.112101236977 2111.1083995828967 31672.244873046875 0.05517578125 3474.9651132610597 7352
340 2.1 7829.663539341518 1789.8384391810732 31672.244873046875 0.05517578125 3507.3989643123773 7388
348 1.3 7276.484299879808 1207.653646823886 31672.244873046875 0.05517578125 3519.6499504205717 7409
