10 0.1 178 0 178 178 0 0
20 0.1 212.0 0.0 212 178 178.0 1
30 0.1 349.0 0.0 349 178 195.0 2
40 0.1 270.0 0.0 349 178 246.33333333333334 3
50 0.1 301.0 0.0 349 178 252.25 4
60 0.1 378.0 0.0 378 178 262.0 5
70 0.1 506.0 0.0 506 178 281.3333333333333 6
80 0.1 467.0 0.0 506 178 313.42857142857144 7
90 0.1 300.0 0.0 506 178 332.625 8
100 0.1 411.0 0.0 506 178 329.0 9
110 0.1 659.0 0.0 659 178 337.2 10
120 0.1 576.0 0.0 659 178 366.45454545454544 11
130 0.1 874.0 0.0 874 178 383.9166666666667 12
140 0.1 1142.0 0.0 1142 178 421.61538461538464 13
150 0.1 883.0 0.0 1142 178 473.07142857142856 14
160 0.1 1622.0 0.0 1622 178 500.4 15
170 0.1 1593.0 0.0 1622 178 570.5 16
180 0.1 1462.0 0.0 1622 178 630.6470588235294 17
190 0.1 2349.0 0.0 2349 178 676.8333333333334 18
200 0.1 2868.0 0.0 2868 178 764.8421052631579 19
210 0.1 2740.0 0.0 2868 178 870.0 20
220 0.1 1330.0 0.0 2868 178 959.047619047619 21
230 0.1 665.0 0.0 2868 178 975.9090909090909 22
240 0.1 682.0 0.0 2868 178 962.3913043478261 23
250 0.1 478.0 0.0 2868 178 950.7083333333334 24
260 0.1 309.0 0.0 2868 178 931.8 25
270 0.1 446.0 0.0 2868 178 907.8461538461538 26
280 0.1 336.0 0.0 2868 178 890.7407407407408 27
290 0.1 337.0 0.0 2868 178 870.9285714285714 28
300 0.1 331.0 0.0 2868 178 852.5172413793103 29
310 0.1 366.0 0.0 2868 178 835.1333333333333 30
320 0.1 262.0 0.0 2868 178 820.0 31
330 0.1 235.0 0.0 2868 178 802.5625 32
340 0.1 238.0 0.0 2868 178 785.3636363636364 33
348 0.1 213.0 0.0 2868 178 769.2647058823529 34
