10 0.1 141 0 141 141 0 0
20 0.1 223.0 0.0 223 141 141.0 1
30 0.1 364.0 0.0 364 141 182.0 2
40 0.1 399.0 0.0 399 141 242.66666666666666 3
50 0.1 328.0 0.0 399 141 281.75 4
60 0.1 368.0 0.0 399 141 291.0 5
70 0.1 493.0 0.0 493 141 303.8333333333333 6
80 0.1 382.0 0.0 493 141 330.85714285714283 7
90 0.1 415.0 0.0 493 141 337.25 8
100 0.1 403.0 0.0 493 141 345.8888888888889 9
110 0.1 420.0 0.0 493 141 351.6 10
120 0.1 493.0 0.0 493 141 357.8181818181818 11
130 0.1 730.0 0.0 730 141 369.0833333333333 12
140 0.1 1026.0 0.0 1026 141 396.84615384615387 13
150 0.1 968.0 0.0 1026 141 441.7857142857143 14
160 0.1 1147.0 0.0 1147 141 476.8666666666667 15
170 0.1 1648.0 0.0 1648 141 518.75 16
180 0.1 1702.0 0.0 1702 141 585.1764705882352 17
190 0.1 2109.0 0.0 2109 141 647.2222222222222 18
200 0.1 2564.0 0.0 2564 141 724.1578947368421 19
210 0.1 3096.0 0.0 3096 141 816.15 20
220 0.1 1589.0 0.0 3096 141 924.7142857142857 21
230 0.1 1246.0 0.0 3096 141 954.9090909090909 22
240 0.1 646.0 0.0 3096 141 967.5652173913044 23
250 0.1 596.0 0.0 3096 141 954.1666666666666 24
260 0.1 370.0 0.0 3096 141 939.84 25
270 0.1 527.0 0.0 3096 141 917.9230769230769 26
280 0.1 468.0 0.0 3096 141 903.4444444444445 27
290 0.1 483.0 0.0 3096 141 887.8928571428571 28
300 0.1 419.0 0.0 3096 141 873.9310344827586 29
310 0.1 428.0 0.0 3096 141 858.7666666666667 30
