10 0.1 11034.498046875 0 11034.498046875 11034.498046875 0 0
20 0.3 19941.78369140625 2830.8822123145833 23752.64794921875 11034.498046875 11034.498046875 1
30 0.2 31443.375 647.85009765625 32091.22509765625 11034.498046875 17714.962280273438 4
40 0.2 33763.074951171875 1822.38916015625 35585.464111328125 11034.498046875 22291.099853515625 6
50 0.7 39470.390415736605 2613.8879867248424 44107.969970703125 11034.498046875 25159.093627929688 8
60 0.2 50301.006591796875 7948.298583984375 58249.30517578125 11034.498046875 31837.698795572916 15
70 0.4 53285.77746582031 2196.8797092127115 58249.30517578125 11034.498046875 34009.852653952206 17
80 0.2 67470.478515625 6831.728515625 74302.20703125 11034.498046875 37681.45738002232 21
90 0.5 56556.85869140625 30265.254384616204 90845.76098632813 497.94482421875 40271.80704398777 23
100 1.2 45966.92694091797 18401.197126072213 90845.76098632813 497.94482421875 43179.85198102678 28
110 1.8 35454.77741156684 26677.851279785267 90845.76098632813 497.94482421875 44015.97446899414 40
120 2.2 40445.175437233665 29185.69355189674 99532.89111328125 497.94482421875 41359.051244275324 58
130 4.3 39191.88152366461 28838.75850916326 110640.3349609375 97.989013671875 41107.73539733887 80
140 5 42642.20191894531 33263.70094130575 118536.53100585938 97.989013671875 40437.96534394055 123
150 5.5 24423.436487926137 25053.93093801866 118536.53100585938 97.989013671875 41075.02793787256 173
160 7 26155.92845982143 33336.33114681347 127707.39892578125 52.22412109375 37058.19666705215 228
170 8.4 18629.61248198009 19497.05771135866 127707.39892578125 52.22412109375 34497.261182132184 298
180 8 26079.77700805664 33997.08362818562 142168.64013671875 52.22412109375 31008.040001994028 382
190 15.1 12777.171229886695 15033.643197428612 142168.64013671875 52.22412109375 30154.661128584958 462
200 16 14931.470516967773 20072.844260188664 142168.64013671875 52.22412109375 25874.072262837097 613
210 11.8 16119.4136362884 21368.91714443758 142168.64013671875 52.22412109375 23609.109417637756 773
220 4.4 32854.208268599075 22605.256516702255 142168.64013671875 52.22412109375 22617.20806836814 891
230 2 52893.31359863281 42756.17365669756 182099.00512695313 52.22412109375 23098.949254261363 935
240 2.1 53131.57950846354 27601.484297411935 182099.00512695313 52.22412109375 23722.914999693225 955
250 0.7 54977.43788364955 9615.131797209204 182099.00512695313 52.22412109375 24355.68339588603 976
260 1 56045.02202148437 21452.072843549922 182099.00512695313 52.22412109375 24573.742685219037 983
270 0.7 69047.78254045759 17459.294190785913 182099.00512695313 52.22412109375 24890.673997769543 993
280 1.5 83155.09261067708 30646.003629843035 182099.00512695313 52.22412109375 25199.77375756836 1000
290 0.4 102418.935546875 18814.44793263885 182099.00512695313 52.22412109375 26056.256302195583 1015
300 1.4 98330.84406389509 20206.468093067706 182099.00512695313 52.22412109375 26356.011667238483 1019
310 1 108647.97653808593 19318.76453174945 182099.00512695313 52.22412109375 27331.469221501015 1033
320 1.3 109235.72449669472 15907.620183644214 182099.00512695313 52.22412109375 28111.109751861368 1043
330 1.5 121623.87591145834 20981.01371680078 182099.00512695313 52.22412109375 29109.802925803444 1056
340 0.7 108883.89261300223 4971.316139685258 182099.00512695313 52.22412109375 30405.518233725783 1071
348 1.1 116008.00335138495 6376.65548855264 182099.00512695313 52.22412109375 30915.11806735745 1078
