0 6.32734375 6.32734375
10 10.8125 17.13984375
20 17.2328125 34.37265625
30 14.31171875 48.684375
40 13.77578125 62.46015625
50 17.07109375 79.53125
60 19.83671875 99.36796875
70 17.890625 117.25859375
80 13.0703125 130.32890625
90 20.40703125 150.7359375
100 47.9390625 198.675
110 46.82421875 245.49921875
120 63.16796875 308.6671875
130 88.9828125 397.65
140 95.11640625 492.76640625
150 112.2546875 605.02109375
160 107.9359375 712.95703125
170 115.6578125 828.61484375
180 132.7390625 961.35390625
190 208.29140625 1169.6453125
200 186.6203125 1356.265625
210 123.5875 1479.853125
220 68.62265625 1548.47578125
230 43.7828125 1592.25859375
240 34.40703125 1626.665625
250 19.559375 1646.225
260 19.58203125 1665.80703125
270 25.24921875 1691.05625
280 21.03125 1712.0875
290 20.4921875 1732.5796875
300 24.9828125 1757.5625
310 16.5328125 1774.0953125
320 16.821875 1790.9171875
330 13.31953125 1804.23671875
340 10.25859375 1814.4953125
348 1.15625 1815.6515625
