0 132.67265625 132.67265625
10 151.3734375 284.04609375
20 325.740625 609.78671875
30 381.39765625 991.184375
40 190.875 1182.059375
50 470.21328125 1652.27265625
60 433.06328125 2085.3359375
70 304.5921875 2389.928125
80 269.0890625 2659.0171875
90 353.4984375 3012.515625
100 349.38046875 3361.89609375
110 357.82890625 3719.725
120 523.00703125 4242.73203125
130 577.9546875 4820.68671875
140 511.89296875 5332.5796875
150 275.55234375 5608.13203125
160 593.95703125 6202.0890625
170 563.67421875 6765.76328125
180 456.3921875 7222.15546875
190 638.00859375 7860.1640625
200 707.13828125 8567.30234375
210 671.696875 9238.99921875
220 875.33515625 10114.334375
230 300.69296875 10415.02734375
240 545.3609375 10960.38828125
250 354.56484375 11314.953125
260 601.34296875 11916.29609375
270 325.7484375 12242.04453125
280 449.48984375 12691.534375
290 950.37109375 13641.90546875
300 231.7140625 13873.61953125
310 437.8078125 14311.42734375
312 0 14311.42734375
