0 0.5 23.280419921875 44.94943179666757 113.17919921875 0.745849609375 0 0
10 0.6 0.8194986979166666 0.07661176208239197 113.17919921875 0.70703125 23.280419921875 5
20 0.9 0.8589409722222222 0.05689480952160119 113.17919921875 0.70703125 11.029008345170455 11
30 1.4 0.7704554966517857 0.09114311166004718 113.17919921875 0.6240234375 6.45247802734375 20
40 1 0.82919921875 0.09699275335791316 113.17919921875 0.618896484375 4.112821691176471 34
50 1.1 2.413907137784091 4.867384670457892 113.17919921875 0.618896484375 3.366543856534091 44
60 1.3 0.8419095552884616 0.0655846227285835 113.17919921875 0.618896484375 3.176016512784091 55
70 2.6 0.8237961989182693 0.11079494367456898 113.17919921875 0.618896484375 2.7297901826746322 68
80 3 0.80126953125 0.11745473273799448 113.17919921875 0.618896484375 2.202600357380319 94
90 2.1 0.764892578125 0.08461137926312269 113.17919921875 0.615966796875 1.8635687058971775 124
100 2.5 0.7921484375 0.0895613737175263 113.17919921875 0.60498046875 1.704450094288793 145
110 0.6 0.822509765625 0.0799791918952692 113.17919921875 0.60498046875 1.5702880859375 170
120 0 0 0 113.17919921875 0.60498046875 1.544795643199574 176
130 0 0 0 113.17919921875 0.60498046875 1.544795643199574 176
139 0 0 0 113.17919921875 0.60498046875 1.544795643199574 176
