0 0.1 12.861110798745038 0 12.861110798745038 12.861110798745038 0 0
10 0.1 2.561576354679803 0.0 12.861110798745038 2.561576354679803 12.861110798745038 1
20 0.1 1.477832512315271 0.0 12.861110798745038 1.477832512315271 7.71134357671242 2
30 0.1 1.2833168805528135 0.0 12.861110798745038 1.2833168805528135 5.633506555246704 3
40 0.1 1.8664047151277015 0.0 12.861110798745038 1.2833168805528135 4.545959136573232 4
50 0.1 1.4851485148514851 0.0 12.861110798745038 1.2833168805528135 4.010048252284125 5
60 0.1 1.7733990147783252 0.0 12.861110798745038 1.2833168805528135 3.5892316293786855 6
70 0.1 1.7769002961500493 0.0 12.861110798745038 1.2833168805528135 3.3298269701500622 7
80 0.1 2.4533856722276743 0.0 12.861110798745038 1.2833168805528135 3.1357111359000607 8
90 0.1 2.6600985221674875 0.0 12.861110798745038 1.2833168805528135 3.059897195492018 9
100 0.1 2.2682445759368837 0.0 12.861110798745038 1.2833168805528135 3.019917328159565 10
110 0.1 2.3645320197044337 0.0 12.861110798745038 1.2833168805528135 2.9515834415938667 11
120 0.1 1.8737672583826428 0.0 12.861110798745038 1.2833168805528135 2.9026624897697473 12
130 0.1 1.7733990147783252 0.0 12.861110798745038 1.2833168805528135 2.82351670273997 13
139 0.1 1.4792899408284024 0.0 12.861110798745038 1.2833168805528135 2.7485082964569956 14
