0 0.1 3173.0859375 0 3173.0859375 3173.0859375 0 0
10 0.1 3173.328125 0.0 3173.328125 3173.0859375 3173.0859375 1
20 0.1 3172.01171875 0.0 3173.328125 3172.01171875 3173.20703125 2
30 0.1 3172.125 0.0 3173.328125 3172.01171875 3172.80859375 3
40 0.1 3171.91015625 0.0 3173.328125 3171.91015625 3172.6376953125 4
50 0.1 3171.6640625 0.0 3173.328125 3171.6640625 3172.4921875 5
60 0.1 3171.671875 0.0 3173.328125 3171.6640625 3172.3541666666665 6
70 0.1 3171.44140625 0.0 3173.328125 3171.44140625 3172.2566964285716 7
80 0.1 3169.80078125 0.0 3173.328125 3169.80078125 3172.15478515625 8
90 0.1 3166.6171875 0.0 3173.328125 3166.6171875 3171.8932291666665 9
100 0.1 3165.78125 0.0 3173.328125 3165.78125 3171.365625 10
110 0.1 3165.14453125 0.0 3173.328125 3165.14453125 3170.8579545454545 11
120 0.1 3163.8203125 0.0 3173.328125 3163.8203125 3170.3818359375 12
130 0.1 3163.69921875 0.0 3173.328125 3163.69921875 3169.8771033653848 13
139 0.1 3163.72265625 0.0 3173.328125 3163.69921875 3169.4358258928573 14
