0 0.8 437.67620849609375 264.50977841067464 783.405029296875 26.64599609375 0 0
10 3.9 435.7789713541666 529.3894458381659 2292.8671875 8.19482421875 437.67620849609375 8
20 3.3 182.2205625591856 168.28751661177745 2292.8671875 8.19482421875 436.1019053357712 47
30 5.5 335.44663529829546 315.70546683870344 2292.8671875 6.8271484375 331.37585144042964 80
40 6 237.47794189453126 235.11234452235243 2292.8671875 6.8271484375 333.0343189380787 135
50 6.5 239.01901292067308 264.7504376763725 2292.8671875 6.8271484375 303.6323567708333 195
60 6.4 240.87156295776362 292.06543696872575 2292.8671875 6.8271484375 287.4790208082933 260
70 7.8 1068.3750751201926 778.5021307896183 2527.114990234375 6.8271484375 278.2726093810282 324
80 8.9 2560.727218113588 1133.2929626628209 6243.1220703125 6.8271484375 431.5760728826572 402
90 10.2 3512.9564663756128 1679.9627070574209 12625.35498046875 6.8271484375 817.5118201852088 491
100 9.9 4834.254170119159 2021.9384894624257 14953.469970703125 6.8271484375 1281.146481081366 593
110 6.3 7351.486525762649 2139.634849633774 19407.364990234375 6.8271484375 1789.466800755848 692
120 12 5557.430133056641 4897.038673938314 21205.7890625 6.8271484375 2253.582353968336 755
130 5.8 2739.4465542497305 1101.1979926564975 21205.7890625 6.8271484375 2706.6814779575893 875
139 0.7 172.30869838169642 107.91883676541659 21205.7890625 6.8271484375 2708.7183208567794 933
