10 0.1 178 0 178 178 0 0
20 0.1 342.0 0.0 342 178 178.0 1
30 0.1 346.0 0.0 346 178 260.0 2
40 0.1 656.0 0.0 656 178 288.6666666666667 3
50 0.1 570.0 0.0 656 178 380.5 4
60 0.1 467.0 0.0 656 178 418.4 5
70 0.1 617.0 0.0 656 178 426.5 6
80 0.1 849.0 0.0 849 178 453.7142857142857 7
90 0.1 1042.0 0.0 1042 178 503.125 8
100 0.1 904.0 0.0 1042 178 563.0 9
110 0.1 1108.0 0.0 1108 178 597.1 10
120 0.1 809.0 0.0 1108 178 643.5454545454545 11
130 0.1 835.0 0.0 1108 178 657.3333333333334 12
139 0.1 252.0 0.0 1108 178 671.0 13
