0 1.1 318.2235218394886 264.2529198932199 718.64794921875 26.554931640625 0 0
10 4.3 395.2350165788517 468.31529882429317 2151.85205078125 8.19482421875 318.2235218394886 11
20 3.6 167.031012641059 166.74796191883158 2151.85205078125 8.19482421875 379.5474898726851 54
30 6.7 275.3572834071828 293.8286853395782 2151.85205078125 6.8271484375 294.5408989800347 90
40 6.7 212.66206929221082 220.52618251142744 2151.85205078125 6.8271484375 286.35426048716164 157
50 6.7 231.88252098880596 263.0104895939597 2151.85205078125 6.8271484375 264.3123997279576 224
60 6.4 240.87156295776362 292.06543696872575 2151.85205078125 6.8271484375 256.84572661619416 291
70 7.9 1083.8566554588608 785.5500234363792 2527.114990234375 6.8271484375 253.96587739326586 355
80 9.7 2513.0389945433312 1069.520750178677 4891.875 6.8271484375 405.02894528999855 434
90 11.7 3139.485320262421 765.3963706885829 5194.2490234375 6.8271484375 790.1079938353342 531
100 11.1 4450.058540962838 698.9026643871941 6331.723876953125 6.8271484375 1214.3011222180028 648
110 8.6 6811.685529841933 813.430707500099 8895.156982421875 6.8271484375 1687.5146577656665 759
120 13.2 3800.845201896898 1607.9503962528236 8895.156982421875 6.8271484375 2209.027906284671 845
130 6.3 2522.025161985366 1055.1161819399872 8895.156982421875 6.8271484375 2424.094316746098 977
139 0.7 172.30869838169642 107.91883676541659 8895.156982421875 6.8271484375 2430.026666025015 1040
