10 0.1 117 0 117 117 0 0
20 0.1 281.0 0.0 281 117 117.0 1
30 0.1 294.0 0.0 294 117 199.0 2
40 0.1 436.0 0.0 436 117 230.66666666666666 3
50 0.1 434.0 0.0 436 117 282.0 4
60 0.1 400.0 0.0 436 117 312.4 5
70 0.1 514.0 0.0 514 117 327.0 6
80 0.1 668.0 0.0 668 117 353.7142857142857 7
90 0.1 808.0 0.0 808 117 393.0 8
100 0.1 689.0 0.0 808 117 439.1111111111111 9
110 0.1 798.0 0.0 808 117 464.1 10
120 0.1 607.0 0.0 808 117 494.45454545454544 11
130 0.1 596.0 0.0 808 117 503.8333333333333 12
139 0.1 228.0 0.0 808 117 510.9230769230769 13
