0 0.1 1505.223876953125 0 1505.223876953125 1505.223876953125 0 0
10 0.6 8214.442016601563 3096.71980846427 11415.656982421875 1505.223876953125 1505.223876953125 1
20 0.4 10619.195739746094 3232.9322002220415 14621.35205078125 1505.223876953125 7255.982282366072 7
30 1 8881.65771484375 6944.86224827521 23802.7890625 1046.4169921875 8478.968994140625 11
40 1.2 9208.762898763021 4858.6146929338 23802.7890625 1046.4169921875 8670.72552780878 21
50 0.9 12936.791069878473 7710.6514896818735 26187.203857421875 1046.4169921875 8866.375480883049 33
60 1.2 13618.051574707031 7140.670046012483 31842.579833984375 1046.4169921875 9738.60739281064 42
70 0.9 14589.111979166666 4631.306554985498 31842.579833984375 1046.4169921875 10600.706099898727 54
80 0.4 12575.364501953125 2218.04253869239 31842.579833984375 1046.4169921875 11170.478368365575 63
90 1.2 22935.533813476563 3109.7282921654023 31842.579833984375 1046.4169921875 11254.352167385727 67
100 1.9 26564.18890059622 5179.643899340595 34211.887939453125 1046.4169921875 13028.708873121042 79
110 1.4 32508.138061523438 4209.443025898059 41854.594970703125 1046.4169921875 15652.934592733578 98
120 2.8 32843.79074532644 7360.073987706335 43374.882080078125 1046.4169921875 17759.835026332312 112
130 3.1 33118.73932869204 6099.44153615178 46988.870849609375 1046.4169921875 20776.626170131138 140
139 0.5 34947.35302734375 6983.058834574078 47383.220947265625 1046.4169921875 23014.08528074744 171
