0 0.7 18.246651785714285 35.7965825919759 105.703857421875 0.774169921875 0 0
10 1 3.2204833984375 2.806621380914536 105.703857421875 0.65283203125 18.246651785714285 7
20 1.1 3.114901455965909 4.558856224369307 105.703857421875 0.550048828125 9.407729204963236 17
30 1.5 5.220849609375 4.012672181559855 105.703857421875 0.550048828125 6.935546875 28
40 1.5 4.275716145833333 3.544699059598634 105.703857421875 0.550048828125 6.337396666061046 43
50 0.2 0.6644287109375 0.0445556640625 105.703857421875 0.550048828125 5.804203428071121 58
60 1.2 4.22369384765625 3.376593516948883 105.703857421875 0.550048828125 5.632877604166667 60
70 1.2 2.9521077473958335 2.0622897663121185 105.703857421875 0.550048828125 5.398013644748264 72
80 1.8 3.584228515625 3.0077473367785594 105.703857421875 0.550048828125 5.048598516555059 84
90 1.9 2.8215974506578947 2.229074719335923 105.703857421875 0.550048828125 4.790180281096814 102
100 1.8 2.7946641710069446 2.7791664203987585 105.703857421875 0.537841796875 4.481063968879132 121
110 2 3.76627197265625 3.0905836579659827 105.703857421875 0.537841796875 4.262681261241007 139
120 3.8 2.4148977179276314 2.9511795512263452 105.703857421875 0.51611328125 4.200239841293239 159
130 2.9 2.967908135775862 2.4604715388151748 105.703857421875 0.51611328125 3.8558591271414975 197
140 3.2 3.55816650390625 3.0435645808007887 105.703857421875 0.51611328125 3.7419185132051993 226
150 6.4 2.7512054443359375 3.07151013289028 105.703857421875 0.489990234375 3.719127566315407 258
160 6.2 2.9353184853830645 3.3563908740607094 105.703857421875 0.489990234375 3.52674552964868 322
170 8.5 3.437945197610294 3.3607649630902476 105.703857421875 0.488037109375 3.4312547047932944 384
180 13 2.8519756610576925 2.9737734858942213 105.703857421875 0.488037109375 3.432467267457356 469
190 16.8 2.65246291387649 3.0078573295527047 105.703857421875 0.488037109375 3.306484114148581 599
200 16.8 3.310671851748512 3.408710675644397 105.703857421875 0.488037109375 3.163230448378423 767
210 5.5 3.0592729048295455 3.162848164583384 105.703857421875 0.488037109375 3.1897225935828883 935
220 2.3 3.366104789402174 2.687970014099191 105.703857421875 0.488037109375 3.182475388652147 990
230 2.2 3.0806440873579546 2.8124123842737094 105.703857421875 0.488037109375 3.1866446642861552 1013
240 1.5 3.46982421875 3.4266054360940497 105.703857421875 0.488037109375 3.184391511926329 1035
250 0 0 0 105.703857421875 0.488037109375 3.18846912202381 1050
260 0 0 0 105.703857421875 0.488037109375 3.18846912202381 1050
270 0 0 0 105.703857421875 0.488037109375 3.18846912202381 1050
280 0 0 0 105.703857421875 0.488037109375 3.18846912202381 1050
290 0 0 0 105.703857421875 0.488037109375 3.18846912202381 1050
300 0 0 0 105.703857421875 0.488037109375 3.18846912202381 1050
310 0 0 0 105.703857421875 0.488037109375 3.18846912202381 1050
319 0 0 0 105.703857421875 0.488037109375 3.18846912202381 1050
