0 0.1 14.397413063523942 0 14.397413063523942 14.397413063523942 0 0
10 0.1 2.357563850687623 0.0 14.397413063523942 2.357563850687623 14.397413063523942 1
20 0.1 1.1869436201780417 0.0 14.397413063523942 1.1869436201780417 8.377488457105782 2
30 0.1 1.8737672583826428 0.0 14.397413063523942 1.1869436201780417 5.980640178129868 3
40 0.1 1.7751479289940828 0.0 14.397413063523942 1.1869436201780417 4.953921948193062 4
50 0.1 1.6815034619188922 0.0 14.397413063523942 1.1869436201780417 4.318167144353266 5
60 0.1 1.7716535433070866 0.0 14.397413063523942 1.1869436201780417 3.878723197280871 6
70 0.1 1.673228346456693 0.0 14.397413063523942 1.1869436201780417 3.5777132467131874 7
80 0.1 1.5810276679841897 0.0 14.397413063523942 1.1869436201780417 3.3396526341811255 8
90 0.1 1.5794669299111548 0.0 14.397413063523942 1.1869436201780417 3.1442498601592437 9
100 0.1 1.7804154302670623 0.0 14.397413063523942 1.1869436201780417 2.987771567134435 10
110 0.1 1.7786561264822136 0.0 14.397413063523942 1.1869436201780417 2.87801191832831 11
120 0.1 2.1696252465483234 0.0 14.397413063523942 1.1869436201780417 2.7863989356744683 12
130 0.1 2.359882005899705 0.0 14.397413063523942 1.1869436201780417 2.7389548057416877 13
140 0.1 2.7613412228796843 0.0 14.397413063523942 1.1869436201780417 2.7118781771815463 14
150 0.1 3.4013605442176873 0.0 14.397413063523942 1.1869436201780417 2.7151757135614223 15
160 0.1 4.3264503441494595 0.0 14.397413063523942 1.1869436201780417 2.758062265477439 16
170 0.1 4.424778761061947 0.0 14.397413063523942 1.1869436201780417 2.8503203877522636 17
180 0.1 5.009823182711198 0.0 14.397413063523942 1.1869436201780417 2.937790297380579 18
190 0.1 7.59493670886076 0.0 14.397413063523942 1.1869436201780417 3.046844659766401 19
200 0.1 10.961538461538462 0.0 14.397413063523942 1.1869436201780417 3.2742492622211197 20
210 0.1 10.214007782101167 0.0 14.397413063523942 1.1869436201780417 3.6403106526648026 21
220 0.1 5.365853658536586 0.0 14.397413063523942 1.1869436201780417 3.939115067639183 22
230 0.1 3.4448818897637796 0.0 14.397413063523942 1.1869436201780417 4.001147180286895 23
240 0.1 2.075098814229249 0.0 14.397413063523942 1.1869436201780417 3.9779694598484316 24
250 0.1 1.87192118226601 0.0 14.397413063523942 1.1869436201780417 3.9018546340236644 25
260 0.1 1.4792899408284024 0.0 14.397413063523942 1.1869436201780417 3.823780270494524 26
270 0.1 1.4792899408284024 0.0 14.397413063523942 1.1869436201780417 3.7369472953217047 27
280 0.1 1.3793103448275863 0.0 14.397413063523942 1.1869436201780417 3.6563166755183727 28
290 0.1 1.4792899408284024 0.0 14.397413063523942 1.1869436201780417 3.5777992158393803 29
300 0.1 1.3779527559055118 0.0 14.397413063523942 1.1869436201780417 3.507848906672348 30
310 0.1 1.185770750988142 0.0 14.397413063523942 1.185770750988142 3.4391425792282564 31
319 0.1 1.1811023622047243 0.0 14.397413063523942 1.1811023622047243 3.3687247095957527 32
