0 0.1 3171.53515625 0 3171.53515625 3171.53515625 0 0
10 0.1 3171.82421875 0.0 3171.82421875 3171.53515625 3171.53515625 1
20 0.1 3171.8203125 0.0 3171.82421875 3171.53515625 3171.6796875 2
30 0.1 3170.171875 0.0 3171.82421875 3170.171875 3171.7265625 3
40 0.1 3169.1875 0.0 3171.82421875 3169.1875 3171.337890625 4
50 0.1 3168.109375 0.0 3171.82421875 3168.109375 3170.9078125 5
60 0.1 3166.66796875 0.0 3171.82421875 3166.66796875 3170.44140625 6
70 0.1 3166.42578125 0.0 3171.82421875 3166.42578125 3169.90234375 7
80 0.1 3166.3125 0.0 3171.82421875 3166.3125 3169.4677734375 8
90 0.1 3166.15625 0.0 3171.82421875 3166.15625 3169.1171875 9
100 0.1 3164.921875 0.0 3171.82421875 3164.921875 3168.82109375 10
110 0.1 3163.54296875 0.0 3171.82421875 3163.54296875 3168.466619318182 11
120 0.1 3161.875 0.0 3171.82421875 3161.875 3168.0563151041665 12
130 0.1 3160.09375 0.0 3171.82421875 3160.09375 3167.580829326923 13
140 0.1 3157.88671875 0.0 3171.82421875 3157.88671875 3167.0460379464284 14
150 0.1 3155.94921875 0.0 3171.82421875 3155.94921875 3166.4354166666667 15
160 0.1 3155.015625 0.0 3171.82421875 3155.015625 3165.780029296875 16
170 0.1 3154.875 0.0 3171.82421875 3154.875 3165.1468290441176 17
180 0.1 3154.6953125 0.0 3171.82421875 3154.6953125 3164.576171875 18
190 0.1 3153.69921875 0.0 3171.82421875 3153.69921875 3164.0561266447367 19
200 0.1 3153.7578125 0.0 3171.82421875 3153.69921875 3163.53828125 20
210 0.1 3153.09375 0.0 3171.82421875 3153.09375 3163.0725446428573 21
220 0.1 3153.56640625 0.0 3171.82421875 3153.09375 3162.618963068182 22
230 0.1 3153.58203125 0.0 3171.82421875 3153.09375 3162.2253736413045 23
240 0.1 3153.64453125 0.0 3171.82421875 3153.09375 3161.865234375 24
250 0.1 3153.67578125 0.0 3171.82421875 3153.09375 3161.53640625 25
260 0.1 3153.26171875 0.0 3171.82421875 3153.09375 3161.234074519231 26
270 0.1 3153.2109375 0.0 3171.82421875 3153.09375 3160.9388020833335 27
280 0.1 3153.41796875 0.0 3171.82421875 3153.09375 3160.6628069196427 28
290 0.1 3153.75390625 0.0 3171.82421875 3153.09375 3160.412984913793 29
300 0.1 3153.875 0.0 3171.82421875 3153.09375 3160.191015625 30
310 0.1 3153.80859375 0.0 3171.82421875 3153.09375 3159.987273185484 31
319 0.1 3153.87109375 0.0 3171.82421875 3153.09375 3159.794189453125 32
