0 0.1 0.0 0 0.0 0.0 0 0
10 0.1 0.078125 0.0 0.078125 0.0 0.0 1
20 0.1 0.05859375 0.0 0.078125 0.0 0.0390625 2
30 0.1 0.05078125 0.0 0.078125 0.0 0.045572916666666664 3
40 0.1 0.05078125 0.0 0.078125 0.0 0.046875 4
50 0.1 0.0390625 0.0 0.078125 0.0 0.04765625 5
60 0.1 0.03125 0.0 0.078125 0.0 0.046223958333333336 6
70 0.1 0.03125 0.0 0.078125 0.0 0.04408482142857143 7
80 0.1 0.01953125 0.0 0.078125 0.0 0.04248046875 8
90 0.1 0.01953125 0.0 0.078125 0.0 0.03993055555555555 9
100 0.1 0.01953125 0.0 0.078125 0.0 0.037890625 10
110 0.1 0.01171875 0.0 0.078125 0.0 0.03622159090909091 11
120 0.1 0.01171875 0.0 0.078125 0.0 0.0341796875 12
130 0.1 0.01171875 0.0 0.078125 0.0 0.03245192307692308 13
140 0.1 0.01171875 0.0 0.078125 0.0 0.030970982142857147 14
150 0.1 0.01171875 0.0 0.078125 0.0 0.029687500000000002 15
160 0.1 0.01171875 0.0 0.078125 0.0 0.028564453125000003 16
170 0.1 0.01171875 0.0 0.078125 0.0 0.02757352941176471 17
180 0.1 0.0 0.0 0.078125 0.0 0.026692708333333336 18
190 0.1 0.0 0.0 0.078125 0.0 0.025287828947368425 19
200 0.1 0.0 0.0 0.078125 0.0 0.0240234375 20
210 0.1 0.078125 0.0 0.078125 0.0 0.022879464285714284 21
220 0.1 0.140625 0.0 0.140625 0.0 0.025390625 22
230 0.1 0.12109375 0.0 0.140625 0.0 0.030400815217391304 23
240 0.1 0.1015625 0.0 0.140625 0.0 0.0341796875 24
250 0.1 0.078125 0.0 0.140625 0.0 0.036875 25
260 0.1 0.0703125 0.0 0.140625 0.0 0.038461538461538464 26
270 0.1 0.05859375 0.0 0.140625 0.0 0.039641203703703706 27
280 0.1 0.05078125 0.0 0.140625 0.0 0.040318080357142856 28
290 0.1 0.0390625 0.0 0.140625 0.0 0.04067887931034483 29
300 0.1 0.109375 0.0 0.140625 0.0 0.040625 30
310 0.1 0.1015625 0.0 0.140625 0.0 0.04284274193548387 31
319 0.1 0.078125 0.0 0.140625 0.0 0.044677734375 32
