0 1.3 567.0224609374999 390.29670119677525 1609.740966796875 61.680908203125 0 0
10 3.3 2437.427904533618 1878.9085480682827 7493.73486328125 61.680908203125 567.0224609374999 13
20 6.2 1394.4338497038812 1459.2061584194682 7493.73486328125 36.477783203125 1908.8350617781932 46
30 4.6 3756.0059761379075 2471.6279253788894 9895.551025390625 36.477783203125 1613.5306622540509 108
40 7.5 2658.5607812500007 1763.0257993451314 9895.551025390625 36.477783203125 2253.4908209466316 154
50 7.3 3683.8445994756003 2483.443149796466 10778.556884765625 36.477783203125 2386.1556551071235 229
60 3 4614.885693359373 2420.2629312945705 10778.556884765625 36.477783203125 2699.8354330504967 302
70 5.9 6432.227464578919 3639.8870122462267 13053.596923828125 36.477783203125 2872.882143319371 332
80 5.7 4373.899315549615 2490.4322299040687 13053.596923828125 36.477783203125 3409.970056246004 391
90 8.2 4089.115273080221 2152.1921629519984 13198.47119140625 36.477783203125 3532.612841469901 448
100 6.3 7424.505808996778 2964.8835230671543 16421.76416015625 36.477783203125 3618.713217681309 530
110 7.4 7558.143366633235 3013.382605622654 16620.401123046875 36.477783203125 4023.0385688665947 593
120 8.4 7787.774684361049 2860.838788276721 17207.868896484375 1.419921875 4415.239101152549 667
130 15.2 5280.450457121196 5516.072682403365 22423.099853515625 0.54296875 4792.460125106629 751
140 24.8 4523.792911652592 6396.8111076078 23705.09814453125 0.54296875 4874.602462278516 903
150 32.2 3217.541052018635 5810.781833180252 25395.85888671875 0.532958984375 4799.015347982053 1151
160 44.1 2126.316664230798 4930.562898369942 25395.85888671875 0.532958984375 4453.302704872603 1473
170 44 2827.5909090909104 5771.485238020885 29800.60400390625 0.530029296875 3917.147614003723 1914
180 61 1814.2642229924445 4486.478068507652 29800.60400390625 0.530029296875 3713.492155141515 2354
190 99.3 1203.4104220264494 3507.0141087573656 29800.60400390625 0.530029296875 3322.6254079718346 2964
200 108.9 1098.4149574581033 2946.7719771724323 29800.60400390625 0.530029296875 2790.813307632242 3957
210 73.9 1339.4934693208731 2906.1988700720945 29800.60400390625 0.525146484375 2425.569192820582 5046
220 30.1 3303.358253250883 4040.2047448299777 29800.60400390625 0.525146484375 2286.8293553674644 5785
230 13.9 7148.840865979092 3751.905857439537 29800.60400390625 0.525146484375 2337.104609764919 6086
240 7.9 9405.618055898933 3930.4500190715103 29800.60400390625 0.525146484375 2444.547395245043 6225
250 6.4 13960.627239227295 3867.025526690447 29800.60400390625 0.525146484375 2531.781624653618 6304
260 4.5 16615.16795247396 5378.656371992342 29800.60400390625 0.525146484375 2646.644394649333 6368
270 6.1 16260.952136430584 6696.027704050894 33628.320068359375 0.525146484375 2744.6614787132826 6413
280 7.5 11041.833600260417 7297.487705911721 33628.320068359375 0.525146484375 2872.0160863933497 6474
290 3.6 8434.994384765625 5224.430669452851 33628.320068359375 0.525146484375 2965.5778994243515 6549
300 3.4 12298.924359489889 4487.399435597402 33628.320068359375 0.525146484375 2995.479037385215 6585
310 1.4 18149.19419642857 3448.0484971675437 33628.320068359375 0.525146484375 3043.268301768288 6619
319 2.2 15973.863758433947 2563.264603207368 33628.320068359375 0.525146484375 3075.1517575990197 6633
