10 0.1 479 0 479 479 0 0
20 0.1 414.0 0.0 479 414 479.0 1
30 0.1 789.0 0.0 789 414 446.5 2
40 0.1 1006.0 0.0 1006 414 560.6666666666666 3
50 0.1 1247.0 0.0 1247 414 672.0 4
60 0.1 596.0 0.0 1247 414 787.0 5
70 0.1 936.0 0.0 1247 414 755.1666666666666 6
80 0.1 947.0 0.0 1247 414 781.0 7
90 0.1 987.0 0.0 1247 414 801.75 8
100 0.1 917.0 0.0 1247 414 822.3333333333334 9
110 0.1 1160.0 0.0 1247 414 831.8 10
120 0.1 1040.0 0.0 1247 414 861.6363636363636 11
130 0.1 993.0 0.0 1247 414 876.5 12
140 0.1 1456.0 0.0 1456 414 885.4615384615385 13
150 0.1 1213.0 0.0 1456 414 926.2142857142857 14
160 0.1 1632.0 0.0 1632 414 945.3333333333334 15
170 0.1 1952.0 0.0 1952 414 988.25 16
180 0.1 1964.0 0.0 1964 414 1044.9411764705883 17
190 0.1 2436.0 0.0 2436 414 1096.0 18
200 0.1 3360.0 0.0 3360 414 1166.5263157894738 19
210 0.1 3441.0 0.0 3441 414 1276.2 20
220 0.1 2191.0 0.0 3441 414 1379.2857142857142 21
230 0.1 1959.0 0.0 3441 414 1416.1818181818182 22
240 0.1 1491.0 0.0 3441 414 1439.7826086956522 23
250 0.1 1440.0 0.0 3441 414 1441.9166666666667 24
260 0.1 1361.0 0.0 3441 414 1441.84 25
270 0.1 873.0 0.0 3441 414 1438.7307692307693 26
280 0.1 574.0 0.0 3441 414 1417.7777777777778 27
290 0.1 789.0 0.0 3441 414 1387.642857142857 28
300 0.1 701.0 0.0 3441 414 1367.0 29
310 0.1 844.0 0.0 3441 414 1344.8 30
319 0.1 877.0 0.0 3441 414 1328.6451612903227 31
