0 2.4 330.1287129720052 282.96200754538944 1317.23486328125 25.14306640625 0 0
10 4.2 1986.5650576636901 1343.7012285913947 4453.567138671875 25.14306640625 330.1287129720052 24
20 7.6 1206.7375552528783 1077.8167137652522 5688.22802734375 25.14306640625 1384.2245686848955 66
30 6.2 3056.30617203251 1431.4261344254205 6967.0009765625 25.14306640625 1289.2315192424076 142
40 8.9 2185.2105808900988 970.6906125675899 7044.054931640625 25.14306640625 1826.2836196001838 204
50 8.7 2960.871618512033 1498.7826957551688 7479.005859375 25.14306640625 1935.3092153503626 293
60 4.3 3946.470197810683 1389.2767973045247 7479.005859375 25.14306640625 2170.1090287057978 380
70 8 4624.942697143555 1860.5718266780923 9820.556884765625 25.14306640625 2350.684750387855 423
80 7.2 3403.195790608724 1214.8686923641724 9820.556884765625 25.14306640625 2712.395755836077 503
90 9.3 3628.97800109207 1200.5021962430787 9820.556884765625 25.14306640625 2798.895934103261 575
100 8 6343.442782592772 1004.7787664900568 9859.64404296875 25.14306640625 2914.4612518127806 668
110 8.5 6626.789757582721 949.5745937166507 10200.537841796875 25.14306640625 3281.1972444095713 748
120 9.5 6885.851318359375 1477.0525719788957 10200.537841796875 0.657958984375 3622.5842355496884 833
130 17.4 5016.087036132813 4904.920982958579 13315.67919921875 0.5400390625 3956.647137345939 928
140 29.4 3802.709739217952 5311.648111310144 14335.404052734375 0.075927734375 4123.927121364919 1102
150 39.6 2813.8730382437634 4732.099607563812 15456.7958984375 0.070068359375 4056.2781884485807 1396
160 55.6 1751.4019459237302 3707.845160616796 15456.7958984375 0.06982421875 3781.72883605957 1792
170 54.4 2164.9130262487074 4132.964774331162 15456.7958984375 0.06787109375 3300.9529625861765 2348
180 79.4 1405.110629218652 3198.238877188088 15456.7958984375 0.06689453125 3087.258036802088 2892
190 122.9 907.1150587685619 2579.060605644834 15456.7958984375 0.055908203125 2724.9072387496603 3686
200 134.6 869.3784196011906 2249.8019052827076 15456.7958984375 0.055908203125 2270.3667323006734 4915
210 91.7 1058.3523926313721 2355.862733393482 15456.7958984375 0.055908203125 1969.1799779653431 6261
220 41 2688.58481266673 3097.444407267507 15456.7958984375 0.055908203125 1852.8204215775959 7178
230 18.5 5278.983534364439 1468.7544715348047 15456.7958984375 0.055908203125 1897.9790141377625 7588
240 11.4 7270.6158532929 1722.1033593957327 15456.7958984375 0.055908203125 1978.4480526353743 7773
250 8.3 11144.145448983432 1009.0970840327476 15456.7958984375 0.055908203125 2054.9419196665594 7887
260 6.2 12039.943410565777 1257.2167926300663 16292.916015625 0.055908203125 2149.597364200223 7970
270 7.7 11957.886709238028 1660.9939241567522 16292.916015625 0.055908203125 2225.9421668489613 8032
280 8.9 7899.90889714273 2334.1662490106874 16292.916015625 0.055908203125 2318.35303499102 8109
290 5.2 6400.6800208458535 2046.7053277638668 16292.916015625 0.055908203125 2378.9481157096716 8198
300 4.9 8951.200907804528 1523.717810388442 16292.916015625 0.055908203125 2404.2972137784086 8250
310 2.8 9590.121843610494 1789.3656240884393 16292.916015625 0.055908203125 2442.952266315736 8299
319 3.1 6653.437436995968 3825.5206969247056 16292.916015625 0.055908203125 2466.9850209889983 8327
