10 0.1 279 0 279 279 0 0
20 0.1 275.0 0.0 279 275 279.0 1
30 0.1 518.0 0.0 518 275 277.0 2
40 0.1 695.0 0.0 695 275 357.3333333333333 3
50 0.1 927.0 0.0 927 275 441.75 4
60 0.1 479.0 0.0 927 275 538.8 5
70 0.1 548.0 0.0 927 275 528.8333333333334 6
80 0.1 638.0 0.0 927 275 531.5714285714286 7
90 0.1 643.0 0.0 927 275 544.875 8
100 0.1 648.0 0.0 927 275 555.7777777777778 9
110 0.1 832.0 0.0 927 275 565.0 10
120 0.1 764.0 0.0 927 275 589.2727272727273 11
130 0.1 771.0 0.0 927 275 603.8333333333334 12
140 0.1 1166.0 0.0 1166 275 616.6923076923077 13
150 0.1 1121.0 0.0 1166 275 655.9285714285714 14
160 0.1 1641.0 0.0 1641 275 686.9333333333333 15
170 0.1 1745.0 0.0 1745 275 746.5625 16
180 0.1 1987.0 0.0 1987 275 805.2941176470588 17
190 0.1 2705.0 0.0 2705 275 870.9444444444445 18
200 0.1 3837.0 0.0 3837 275 967.4736842105264 19
210 0.1 3860.0 0.0 3860 275 1110.95 20
220 0.1 2182.0 0.0 3860 275 1241.857142857143 21
230 0.1 1548.0 0.0 3860 275 1284.590909090909 22
240 0.1 1046.0 0.0 3860 275 1296.0434782608695 23
250 0.1 892.0 0.0 3860 275 1285.625 24
260 0.1 816.0 0.0 3860 275 1269.88 25
270 0.1 477.0 0.0 3860 275 1252.4230769230771 26
280 0.1 343.0 0.0 3860 275 1223.703703703704 27
290 0.1 467.0 0.0 3860 275 1192.2500000000002 28
300 0.1 355.0 0.0 3860 275 1167.241379310345 29
310 0.1 545.0 0.0 3860 275 1140.166666666667 30
319 0.1 497.0 0.0 3860 275 1120.9677419354841 31
