0 0.1 3602.40087890625 0 3602.40087890625 3602.40087890625 0 0
10 0.2 11436.108032226563 2479.0980224609375 13915.2060546875 3602.40087890625 3602.40087890625 1
20 0.5 15947.571728515624 5195.125364227342 25397.73388671875 3602.40087890625 8824.872314453125 3
30 0.9 23804.498562282984 3963.1609257360833 28323.820068359375 3602.40087890625 13276.559448242188 8
40 0.6 22040.312662760418 2222.2551519285853 28323.820068359375 3602.40087890625 18850.17427332261 17
50 0.7 28115.95832170759 5099.222293636257 35962.787109375 3602.40087890625 19682.38428795856 23
60 0.6 28885.315185546875 2239.037830475441 35962.787109375 3602.40087890625 21650.218229166665 30
70 1.5 34682.598421223964 4223.796507453263 40269.466064453125 3602.40087890625 22856.067721896703 36
80 0.6 40683.18709309896 3796.7054602732633 48651.205078125 3602.40087890625 26334.459104051777 51
90 0.4 41640.76599121094 8633.864717122658 53073.490966796875 3602.40087890625 27844.85152395148 57
100 0.8 36795.04153442383 4761.937284189476 53073.490966796875 3602.40087890625 28749.5016529521 61
110 0.7 44626.21484375 3316.767242000427 53073.490966796875 3602.40087890625 29682.31787109375 69
120 0.7 48594.1065499442 3712.6132575363913 55349.464111328125 3602.40087890625 31058.72943436472 76
130 0.7 41938.62318638393 17944.410367631262 62032.674072265625 840.470947265625 32537.616660979857 83
140 2.9 40621.43633822737 20843.045324780946 70644.40087890625 840.470947265625 33268.80605740017 90
150 4 34379.611254882824 20213.885459976726 70644.40087890625 147.927978515625 35060.62352079504 119
160 6.5 29359.76671424279 23001.08669567477 81295.8349609375 83.031005859375 34889.299680313976 159
170 6.4 33763.921138763435 21902.732629406466 81295.8349609375 83.031005859375 33284.747703552246 224
180 8.6 23635.754990688587 17562.10757304193 81295.8349609375 83.031005859375 33391.230689154734 288
190 14.1 19249.643085452688 16585.520231176983 81295.8349609375 83.031005859375 31147.99296169995 374
200 15.4 16275.671400986708 10312.189020986549 81295.8349609375 83.031005859375 27890.386490727396 515
210 13.9 17608.641441729436 9963.60928511807 81295.8349609375 83.031005859375 25216.745050039706 669
220 6.5 22802.962436147835 9614.066473730245 81295.8349609375 83.031005859375 23907.925246134844 808
230 3.7 31090.61533335093 6902.893657107582 81295.8349609375 83.031005859375 23825.654246536727 873
240 2.6 39007.28633000301 5007.838647933633 81295.8349609375 83.031005859375 24121.04277424236 910
250 1.5 48934.384114583336 5989.876294059304 81295.8349609375 83.031005859375 24534.549539680156 936
260 1.7 57617.850413602944 4187.065724708862 81295.8349609375 83.031005859375 24919.404974615536 951
270 1.4 63339.649361746655 4287.903688573141 81295.8349609375 83.031005859375 25493.65453294486 968
280 1 71931.00075683594 6351.659082321714 81295.8349609375 83.031005859375 26033.210467367695 982
290 0.5 68432.05375976562 7221.920566119103 82434.28393554688 83.031005859375 26495.889804963143 992
300 1.5 76998.47350260416 7083.933563527845 85777.01391601563 83.031005859375 26706.20156000227 997
310 1.2 79763.22047932942 4802.334905752734 85777.01391601563 83.031005859375 27451.64037338076 1012
319 2.1 81362.38856724331 4967.965178250971 90848.11987304688 83.031005859375 28064.666702747345 1024
