0 356.8265625 356.8265625
10 327.1625 683.9890625
20 541.88203125 1225.87109375
30 670.5296875 1896.40078125
40 805.81484375 2702.215625
50 390.53046875 3092.74609375
60 503.84375 3596.58984375
70 974.74609375 4571.3359375
80 657.42109375 5228.75703125
90 712.6453125 5941.40234375
100 774.284375 6715.68671875
110 748.203125 7463.88984375
120 734.49140625 8198.38125
130 872.91171875 9071.29296875
140 794.4359375 9865.72890625
150 611.640625 10477.36953125
160 1072.575 11549.94453125
170 1229.090625 12779.03515625
180 913.68046875 13692.715625
190 1359.871875 15052.5875
200 1521.42890625 16574.01640625
210 1095.64140625 17669.6578125
220 872.0703125 18541.728125
230 1130.8953125 19672.6234375
240 960.36171875 20632.98515625
250 870.10078125 21503.0859375
260 915.42734375 22418.51328125
270 552.12890625 22970.6421875
280 530.73828125 23501.38046875
290 494.8859375 23996.26640625
300 547.11953125 24543.3859375
310 695.8 25239.1859375
319 602.32578125 25841.51171875
