0 11.2828125 11.2828125
10 21.08359375 32.36640625
20 42.68984375 75.05625
30 30.465625 105.521875
40 42.81796875 148.33984375
50 46.0203125 194.36015625
60 30.63203125 224.9921875
70 30.2375 255.2296875
80 39.571875 294.8015625
90 48.36875 343.1703125
100 43.909375 387.0796875
110 41.8703125 428.95
120 50.98984375 479.93984375
130 72.13359375 552.0734375
140 111.525 663.5984375
150 141.01953125 804.61796875
160 174.46171875 979.0796875
170 165.034375 1144.1140625
180 230.934375 1375.0484375
190 313.753125 1688.8015625
200 362.7328125 2051.534375
210 286.96953125 2338.50390625
220 166.0234375 2504.52734375
230 94.5953125 2599.12265625
240 56.496875 2655.61953125
250 35.5484375 2691.16796875
260 30.57109375 2721.7390625
270 35.66015625 2757.39921875
280 46.40703125 2803.80625
290 32.1171875 2835.9234375
300 23.60859375 2859.53203125
310 13.4828125 2873.01484375
319 5.12734375 2878.1421875
