0 1.2 11.383443196614584 30.985152768706353 113.98681640625 0.726806640625 0 0
10 0.5 2.718017578125 2.773287981328092 113.98681640625 0.596923828125 11.383443196614584 12
20 0.7 1.2753208705357142 1.0653094382936916 113.98681640625 0.596923828125 8.834788602941176 17
30 0.8 1.968017578125 2.5605338188670714 113.98681640625 0.596923828125 6.62994384765625 24
40 1 1.1455078125 1.147107507695985 113.98681640625 0.596923828125 5.4644622802734375 32
50 1.6 2.86724853515625 2.519496023685914 113.98681640625 0.576904296875 4.436139787946429 42
60 1.9 2.1031301398026314 2.112363433694185 113.98681640625 0.576904296875 4.003342200969827 58
70 2.2 3.0880126953125 2.713041535659259 113.98681640625 0.56494140625 3.534458705357143 77
80 1.3 1.9300067608173077 2.207598823468782 113.98681640625 0.56494140625 3.4352484809027777 99
90 1.8 3.6316460503472223 3.715144688013954 113.98681640625 0.56494140625 3.260532924107143 112
100 1 2.6738525390625 1.8527508087684041 113.98681640625 0.56494140625 3.3119178185096154 130
110 2.1 2.6247442336309526 2.67806927838323 113.98681640625 0.56201171875 3.2663417271205355 140
120 3.3 3.6276115648674243 4.132173543984501 113.98681640625 0.56201171875 3.182655097534938 161
130 2.8 1.4802682059151786 1.594979087483827 113.98681640625 0.56201171875 3.2583435687822164 194
140 3 3.2767333984375 3.0345776862793317 113.98681640625 0.544921875 3.034081811303491 222
150 6.7 2.851639021688432 3.2458431859564727 113.98681640625 0.544921875 3.0629689050099205 252
160 7.8 3.226415389623397 3.140901559297266 113.98681640625 0.52587890625 3.0185830047511755 319
170 7.5 2.79228515625 2.762339777205393 113.98681640625 0.52001953125 3.059416571552267 397
180 12.9 2.9719673570736433 3.059711301033271 113.98681640625 0.52001953125 3.0169698424258473 472
190 15.6 2.7351950620993595 3.5081136225744123 113.98681640625 0.5087890625 3.0073104071339434 601
200 14.1 2.952705978501773 3.052796830179538 113.98681640625 0.4951171875 2.951233797060766 757
210 8.1 3.645290798611111 3.1855880199075126 113.98681640625 0.4951171875 2.951464952498608 898
220 1.6 1.99298095703125 2.5133392533322754 113.98681640625 0.4951171875 3.008870359582482 979
230 1.8 3.1591661241319446 3.5656422347377683 113.98681640625 0.4951171875 2.9925344495917083 995
240 2.2 2.4382879083806817 2.8988425829444617 113.98681640625 0.4951171875 2.995495328310094 1013
250 0 0 0 113.98681640625 0.4951171875 2.983651305857488 1035
260 0 0 0 113.98681640625 0.4951171875 2.983651305857488 1035
270 0 0 0 113.98681640625 0.4951171875 2.983651305857488 1035
280 0 0 0 113.98681640625 0.4951171875 2.983651305857488 1035
290 0 0 0 113.98681640625 0.4951171875 2.983651305857488 1035
300 0 0 0 113.98681640625 0.4951171875 2.983651305857488 1035
310 0 0 0 113.98681640625 0.4951171875 2.983651305857488 1035
314 0 0 0 113.98681640625 0.4951171875 2.983651305857488 1035
