0 0.1 3.161703952391411 0 3.161703952391411 3.161703952391411 0 0
10 0.1 2.171767028627838 0.0 3.161703952391411 2.171767028627838 3.161703952391411 1
20 0.1 1.185770750988142 0.0 3.161703952391411 1.185770750988142 2.6667354905096246 2
30 0.1 1.089108910891089 0.0 3.161703952391411 1.089108910891089 2.173080577335797 3
40 0.1 1.0901883052527255 0.0 3.161703952391411 1.089108910891089 1.90208766072462 4
50 0.1 1.1892963330029733 0.0 3.161703952391411 1.089108910891089 1.7397077896302409 5
60 0.1 1.3875123885034688 0.0 3.161703952391411 1.089108910891089 1.6479725468590296 6
70 0.1 1.1904761904761905 0.0 3.161703952391411 1.089108910891089 1.6107639528082351 7
80 0.1 1.0956175298804782 0.0 3.161703952391411 1.089108910891089 1.5582279825167296 8
90 0.1 1.1904761904761905 0.0 3.161703952391411 1.089108910891089 1.5068268211127016 9
100 0.1 1.0923535253227408 0.0 3.161703952391411 1.089108910891089 1.4751917580490503 10
110 0.1 1.3875123885034688 0.0 3.161703952391411 1.089108910891089 1.4403882823466585 11
120 0.1 1.1940298507462688 0.0 3.161703952391411 1.089108910891089 1.435981957859726 12
130 0.1 1.3916500994035785 0.0 3.161703952391411 1.089108910891089 1.417370257312537 13
140 0.1 1.2 0.0 3.161703952391411 1.089108910891089 1.4155331031761826 14
150 0.1 1.3958125623130608 0.0 3.161703952391411 1.089108910891089 1.4011642296311038 15
160 0.1 2.512562814070352 0.0 3.161703952391411 1.089108910891089 1.4008297504237261 16
170 0.1 2.6236125126135215 0.0 3.161703952391411 1.089108910891089 1.4662258129911747 17
180 0.1 2.631578947368421 0.0 3.161703952391411 1.089108910891089 1.5305250740813052 18
190 0.1 3.9634146341463414 0.0 3.9634146341463414 1.089108910891089 1.5884752779385218 19
200 0.1 4.601226993865031 0.0 4.601226993865031 1.089108910891089 1.707222245748913 20
210 0.1 5.358948432760364 0.0 5.358948432760364 1.089108910891089 1.8450319956592043 21
220 0.1 2.730030333670374 0.0 5.358948432760364 1.089108910891089 2.0047554700728933 22
230 0.1 2.1847070506454815 0.0 5.358948432760364 1.089108910891089 2.0362891597945234 23
240 0.1 1.394422310756972 0.0 5.358948432760364 1.089108910891089 2.04247323857998 24
250 0.1 1.3916500994035785 0.0 5.358948432760364 1.089108910891089 2.0165512014670597 25
260 0.1 1.0912698412698412 0.0 5.358948432760364 1.089108910891089 1.9925165436953873 26
270 0.1 1.185770750988142 0.0 5.358948432760364 1.089108910891089 1.9591370361981448 27
280 0.1 0.8928571428571428 0.0 5.358948432760364 0.8928571428571428 1.931516811726359 28
290 0.1 1.1869436201780417 0.0 5.358948432760364 0.8928571428571428 1.8957009610756965 29
300 0.1 1.1869436201780417 0.0 5.358948432760364 0.8928571428571428 1.872075716379108 30
310 0.1 0.891089108910891 0.0 5.358948432760364 0.891089108910891 1.8499746810177833 31
314 0.1 1.27826941986234 0.0 5.358948432760364 0.891089108910891 1.8200095068894429 32
