0 0.1 3169.48046875 0 3169.48046875 3169.48046875 0 0
10 0.1 3167.9609375 0.0 3169.48046875 3167.9609375 3169.48046875 1
20 0.1 3168.31640625 0.0 3169.48046875 3167.9609375 3168.720703125 2
30 0.1 3167.8671875 0.0 3169.48046875 3167.8671875 3168.5859375 3
40 0.1 3167.9140625 0.0 3169.48046875 3167.8671875 3168.40625 4
50 0.1 3167.53125 0.0 3169.48046875 3167.53125 3168.3078125 5
60 0.1 3166.5703125 0.0 3169.48046875 3166.5703125 3168.1783854166665 6
70 0.1 3166.3359375 0.0 3169.48046875 3166.3359375 3167.948660714286 7
80 0.1 3165.13671875 0.0 3169.48046875 3165.13671875 3167.7470703125 8
90 0.1 3164.0546875 0.0 3169.48046875 3164.0546875 3167.45703125 9
100 0.1 3162.73046875 0.0 3169.48046875 3162.73046875 3167.116796875 10
110 0.1 3161.7734375 0.0 3169.48046875 3161.7734375 3166.7180397727275 11
120 0.1 3161.421875 0.0 3169.48046875 3161.421875 3166.3059895833335 12
130 0.1 3160.94921875 0.0 3169.48046875 3160.94921875 3165.9302884615386 13
140 0.1 3157.6875 0.0 3169.48046875 3157.6875 3165.5744977678573 14
150 0.1 3155.24609375 0.0 3169.48046875 3155.24609375 3165.0486979166667 15
160 0.1 3153.01171875 0.0 3169.48046875 3153.01171875 3164.43603515625 16
170 0.1 3152.859375 0.0 3169.48046875 3152.859375 3163.7640165441176 17
180 0.1 3152.72265625 0.0 3169.48046875 3152.72265625 3163.158203125 18
190 0.1 3151.26953125 0.0 3169.48046875 3151.26953125 3162.6089638157896 19
200 0.1 3149.94140625 0.0 3169.48046875 3149.94140625 3162.0419921875 20
210 0.1 3149.50390625 0.0 3169.48046875 3149.50390625 3161.465773809524 21
220 0.1 3149.3671875 0.0 3169.48046875 3149.3671875 3160.922052556818 22
230 0.1 3149.40625 0.0 3169.48046875 3149.3671875 3160.419667119565 23
240 0.1 3149.890625 0.0 3169.48046875 3149.3671875 3159.9607747395835 24
250 0.1 3149.96484375 0.0 3169.48046875 3149.3671875 3159.55796875 25
260 0.1 3150.33984375 0.0 3169.48046875 3149.3671875 3159.189002403846 26
270 0.1 3150.41015625 0.0 3169.48046875 3149.3671875 3158.861255787037 27
280 0.1 3150.54296875 0.0 3169.48046875 3149.3671875 3158.5594308035716 28
290 0.1 3150.6171875 0.0 3169.48046875 3149.3671875 3158.283001077586 29
300 0.1 3150.640625 0.0 3169.48046875 3149.3671875 3158.0274739583333 30
310 0.1 3150.66796875 0.0 3169.48046875 3149.3671875 3157.7891885080644 31
314 0.1 3150.69921875 0.0 3169.48046875 3149.3671875 3157.566650390625 32
