0 0.1 0.53125 0 0.53125 0.53125 0 0
10 0.1 0.44921875 0.0 0.53125 0.44921875 0.53125 1
20 0.1 0.37890625 0.0 0.53125 0.37890625 0.490234375 2
30 0.1 0.3203125 0.0 0.53125 0.3203125 0.453125 3
40 0.1 0.26953125 0.0 0.53125 0.26953125 0.419921875 4
50 0.1 0.23046875 0.0 0.53125 0.23046875 0.38984375 5
60 0.1 0.19140625 0.0 0.53125 0.19140625 0.36328125 6
70 0.1 0.16015625 0.0 0.53125 0.16015625 0.33872767857142855 7
80 0.1 0.140625 0.0 0.53125 0.140625 0.31640625 8
90 0.1 0.12109375 0.0 0.53125 0.12109375 0.296875 9
100 0.1 0.1015625 0.0 0.53125 0.1015625 0.279296875 10
110 0.1 0.078125 0.0 0.53125 0.078125 0.26313920454545453 11
120 0.1 0.0703125 0.0 0.53125 0.0703125 0.24772135416666666 12
130 0.1 0.05859375 0.0 0.53125 0.05859375 0.23407451923076922 13
140 0.1 0.05078125 0.0 0.53125 0.05078125 0.22154017857142858 14
150 0.1 0.0390625 0.0 0.53125 0.0390625 0.21015625 15
160 0.1 0.0390625 0.0 0.53125 0.0390625 0.199462890625 16
170 0.1 0.03125 0.0 0.53125 0.03125 0.19002757352941177 17
180 0.1 0.03125 0.0 0.53125 0.03125 0.1812065972222222 18
190 0.1 0.01953125 0.0 0.53125 0.01953125 0.17331414473684212 19
200 0.1 0.01953125 0.0 0.53125 0.01953125 0.16562500000000002 20
210 0.1 0.01953125 0.0 0.53125 0.01953125 0.1586681547619048 21
220 0.1 0.01171875 0.0 0.53125 0.01171875 0.15234375000000003 22
230 0.1 0.01171875 0.0 0.53125 0.01171875 0.1462296195652174 23
240 0.1 0.01171875 0.0 0.53125 0.01171875 0.14062500000000003 24
250 0.1 0.01171875 0.0 0.53125 0.01171875 0.13546875000000003 25
260 0.1 0.01171875 0.0 0.53125 0.01171875 0.13070913461538464 26
270 0.1 0.01171875 0.0 0.53125 0.01171875 0.12630208333333334 27
280 0.1 0.0 0.0 0.53125 0.0 0.12220982142857144 28
290 0.1 0.0 0.0 0.53125 0.0 0.11799568965517243 29
300 0.1 0.0 0.0 0.53125 0.0 0.11406250000000001 30
310 0.1 0.0 0.0 0.53125 0.0 0.11038306451612905 31
314 0.1 0.0 0.0 0.53125 0.0 0.10693359375000001 32
