0 3.5 267.64545200892854 348.5073813623832 1539.15380859375 8.114990234375 0 0
10 4.6 278.84180748980987 314.9460731282292 1572.781982421875 8.114990234375 267.64545200892854 35
20 3.4 553.0842715992648 686.2026611418381 2707.348876953125 8.114990234375 274.0038761091821 81
30 3.7 384.2860536317567 481.05925262219654 2707.348876953125 7.338134765625 356.514601732337 115
40 5.4 341.1809172453704 465.2195305507545 2707.348876953125 7.338134765625 363.274757786801 152
50 6.8 940.4953110638788 1092.0986624888183 4322.02099609375 7.338134765625 357.483168518659 206
60 5.7 1167.3381133497808 1083.0771597106575 4322.02099609375 7.338134765625 502.172313383896 274
70 8 2477.803796386718 1391.4823716992455 6547.221923828125 7.338134765625 616.717481353852 331
80 5.8 4140.7643453663795 1375.41941294331 7398.445068359375 7.338134765625 978.9727251558699 411
90 6.6 5098.451885801372 1702.0120824752496 10831.605224609375 7.338134765625 1369.9832027085554 469
100 7 6526.266252790178 1985.2066216261599 14041.375 7.338134765625 1829.9438252957066 535
110 6.5 5326.264997746392 2580.7698282178717 14736.197021484375 7.338134765625 2373.319973931431 605
120 6.6 9571.69278601444 1797.844446519674 17116.5791015625 7.338134765625 2659.7997150478077 670
130 9.1 8748.134540264417 2306.357476088769 17116.5791015625 7.338134765625 3279.6162132594895 736
140 10.7 7549.190993264452 3791.5094928994367 20700.2939453125 0.644775390625 3881.351603534518 827
150 29.6 2974.985809326172 4978.141891475623 21620.449951171875 0.5859375 4301.543053963965 934
160 39.7 3008.7298537862084 5550.71535167966 23285.98779296875 0.5859375 3982.306513790967 1230
170 45.8 2425.881024623023 4484.8574451476425 23285.98779296875 0.573974609375 3744.7466280983494 1627
180 54.4 2181.0743206248553 4291.606146933627 23285.98779296875 0.573974609375 3455.0389799488535 2085
190 87.3 1144.4636252841299 2978.949149921451 23285.98779296875 0.553955078125 3191.426665505242 2629
200 79.9 1464.5194404993551 3472.6393071210823 23285.98779296875 0.553955078125 2681.1471868892995 3502
210 66.3 1278.4364295372586 3176.004356006458 23285.98779296875 0.553955078125 2455.1333367694283 4301
220 30.9 3890.640418784133 4346.192056702962 23285.98779296875 0.553955078125 2297.971763543214 4964
230 12.8 7378.596143722534 2060.187043619971 23285.98779296875 0.553955078125 2391.3028112332277 5273
240 8.4 9338.795125325518 2148.7482142085823 23285.98779296875 0.553955078125 2509.4982466264196 5401
250 6.8 11616.353544347428 3269.966723627062 23285.98779296875 0.553955078125 2614.0854732099606 5485
260 5.5 13270.375230823864 4158.425111386577 24807.533935546875 0.553955078125 2724.323944097291 5553
270 4.4 12734.361783114347 2604.550055239982 24807.533935546875 0.553955078125 2827.753477044859 5608
280 6.3 12620.292015438989 4787.038208250603 27448.529052734375 0.553955078125 2904.8749854431353 5652
290 3.9 10232.234099559295 3707.8945927636064 27448.529052734375 0.553955078125 3011.9740708131685 5715
300 3 10811.86122233073 2887.4932648266463 27448.529052734375 0.553955078125 3060.9122253354312 5754
310 2.2 12688.254893909801 2418.748312203883 27448.529052734375 0.553955078125 3101.1142429547012 5784
314 0.8 10435.44482421875 1629.799139734176 27448.529052734375 0.553955078125 3137.441679110577 5806
