10 0.1 855 0 855 855 0 0
20 0.1 422.0 0.0 855 422 855.0 1
30 0.1 327.0 0.0 855 327 638.5 2
40 0.1 842.0 0.0 855 327 534.6666666666666 3
50 0.1 680.0 0.0 855 327 611.5 4
60 0.1 832.0 0.0 855 327 625.2 5
70 0.1 875.0 0.0 875 327 659.6666666666666 6
80 0.1 935.0 0.0 935 327 690.4285714285714 7
90 0.1 912.0 0.0 935 327 721.0 8
100 0.1 604.0 0.0 935 327 742.2222222222222 9
110 0.1 1256.0 0.0 1256 327 728.4 10
120 0.1 1178.0 0.0 1256 327 776.3636363636364 11
130 0.1 971.0 0.0 1256 327 809.8333333333334 12
140 0.1 1382.0 0.0 1382 327 822.2307692307693 13
150 0.1 922.0 0.0 1382 327 862.2142857142857 14
160 0.1 1575.0 0.0 1575 327 866.2 15
170 0.1 1794.0 0.0 1794 327 910.5 16
180 0.1 1698.0 0.0 1794 327 962.4705882352941 17
190 0.1 2545.0 0.0 2545 327 1003.3333333333334 18
200 0.1 2683.0 0.0 2683 327 1084.4736842105262 19
210 0.1 2701.0 0.0 2701 327 1164.4 20
220 0.1 2197.0 0.0 2701 327 1237.5714285714287 21
230 0.1 1580.0 0.0 2701 327 1281.1818181818182 22
240 0.1 1153.0 0.0 2701 327 1294.1739130434783 23
250 0.1 1312.0 0.0 2701 327 1288.2916666666667 24
260 0.1 895.0 0.0 2701 327 1289.24 25
270 0.1 688.0 0.0 2701 327 1274.076923076923 26
280 0.1 618.0 0.0 2701 327 1252.3703703703704 27
290 0.1 574.0 0.0 2701 327 1229.7142857142858 28
300 0.1 923.0 0.0 2701 327 1207.103448275862 29
310 0.1 530.0 0.0 2701 327 1197.6333333333334 30
314 0.1 572.0 0.0 2701 327 1176.0967741935483 31
