0 4.1 228.47116163300305 303.6008458692502 1324.98681640625 8.114990234375 0 0
10 4.9 261.76718451052295 307.62168652454403 1572.781982421875 8.114990234375 228.47116163300305 41
20 3.8 535.0066431949014 680.4854871929209 2707.348876953125 8.114990234375 246.59899631076388 90
30 4.3 295.18002248364814 391.9818343123819 2707.348876953125 7.338134765625 332.2200164794922 128
40 6.1 302.02477827228483 436.13866820490716 2707.348876953125 7.338134765625 322.90586594252557 171
50 7.3 876.0751852793235 1056.9807836210505 4322.02099609375 7.338134765625 317.415579960264 232
60 6.2 1161.4493605090724 1087.922390164683 4322.02099609375 7.338134765625 451.127551069416 305
70 8.8 2258.6542497114697 1248.6669156434348 6547.221923828125 7.338134765625 571.1274207840173 367
80 6.5 3773.395526592548 1190.1108405283278 7268.718994140625 7.338134765625 897.5062360491069 455
90 7.5 4690.59240234375 1162.3582821919156 8396.718994140625 7.338134765625 1256.992397367037 520
100 7.5 6189.001966145832 1436.5458831648848 11087.505126953125 7.338134765625 1689.7991206834295 595
110 6.9 4775.120474552762 1464.2772938578553 11087.505126953125 7.338134765625 2193.4412302501164 670
120 7.1 9149.956910898987 1124.1049586650356 12497.0869140625 7.338134765625 2434.491119095695 739
130 9.8 8234.31436842315 1394.7623867009816 13513.907958984375 7.338134765625 3023.130713192033 810
140 11.4 6925.562174479167 3167.874922622959 13513.907958984375 0.553955078125 3585.5712398579467 908
150 32.1 2923.1948827820775 4766.2464474110975 14369.496826171875 0.1650390625 3958.133829434091 1022
160 42.5 2723.875564108458 4957.983003117206 15485.462158203125 0.1650390625 3710.7656969878535 1343
170 50.2 2263.1720695343624 4115.507401397632 15485.462158203125 0.1650390625 3473.532491968768 1768
180 60.2 1981.5775580422028 3820.0313247399386 15485.462158203125 0.1650390625 3205.866883130851 2270
190 96.6 1008.3776372747634 2499.942076271494 15485.462158203125 0.0849609375 2949.2435635962524 2872
200 84.6 1370.4305572870483 3165.8289991329925 15485.462158203125 0.0849609375 2460.74005009272 3838
210 71.6 1257.8680665426384 2917.210256435438 15485.462158203125 0.0849609375 2263.813954679911 4684
220 33.5 3510.146453766324 3594.256178812048 15485.462158203125 0.0849609375 2130.432981363932 5400
230 13.5 6746.821636284722 798.714770218904 15485.462158203125 0.0849609375 2211.0265320622407 5735
240 9.4 8995.124820790394 1371.8045106288962 15485.462158203125 0.0849609375 2315.3420923808153 5870
250 7.6 10541.717628880551 1197.1655533515668 15485.462158203125 0.0849609375 2420.623711507324 5964
260 5.7 11311.200083950109 1313.86790455762 15485.462158203125 0.0849609375 2522.8096614610267 6040
270 5 12313.669331054687 1407.3905031439745 16063.1171875 0.0849609375 2604.9710939822467 6097
280 6.6 11484.620771928267 2670.786621921974 17375.39794921875 0.0849609375 2683.9421224276057 6147
290 4.2 9245.34623209635 1634.8566537085494 17375.39794921875 0.0849609375 2777.4307415917847 6213
300 3.1 9786.65588772681 1794.6576156588005 17375.39794921875 0.0849609375 2820.8603899692735 6255
310 2.2 12186.417946555397 1389.643545341375 17375.39794921875 0.0849609375 2855.2128653797863 6286
314 0.8 10435.44482421875 1629.799139734176 17375.39794921875 0.0849609375 2887.756700475833 6308
