10 0.1 561 0 561 561 0 0
20 0.1 328.0 0.0 561 328 561.0 1
30 0.1 275.0 0.0 561 275 444.5 2
40 0.1 465.0 0.0 561 275 388.0 3
50 0.1 514.0 0.0 561 275 407.25 4
60 0.1 647.0 0.0 647 275 428.6 5
70 0.1 641.0 0.0 647 275 465.0 6
80 0.1 733.0 0.0 733 275 490.14285714285717 7
90 0.1 613.0 0.0 733 275 520.5 8
100 0.1 510.0 0.0 733 275 530.7777777777778 9
110 0.1 844.0 0.0 844 275 528.7 10
120 0.1 830.0 0.0 844 275 557.3636363636364 11
130 0.1 720.0 0.0 844 275 580.0833333333334 12
140 0.1 1088.0 0.0 1088 275 590.8461538461538 13
150 0.1 787.0 0.0 1088 275 626.3571428571429 14
160 0.1 1550.0 0.0 1550 275 637.0666666666667 15
170 0.1 1766.0 0.0 1766 275 694.125 16
180 0.1 1813.0 0.0 1813 275 757.1764705882352 17
190 0.1 2661.0 0.0 2661 275 815.8333333333334 18
200 0.1 2969.0 0.0 2969 275 912.9473684210526 19
210 0.1 3074.0 0.0 3074 275 1015.75 20
220 0.1 2075.0 0.0 3074 275 1113.7619047619048 21
230 0.1 1243.0 0.0 3074 275 1157.4545454545455 22
240 0.1 889.0 0.0 3074 275 1161.1739130434783 23
250 0.1 885.0 0.0 3074 275 1149.8333333333333 24
260 0.1 624.0 0.0 3074 275 1139.24 25
270 0.1 447.0 0.0 3074 275 1119.423076923077 26
280 0.1 315.0 0.0 3074 275 1094.5185185185185 27
290 0.1 390.0 0.0 3074 275 1066.6785714285713 28
300 0.1 507.0 0.0 3074 275 1043.3448275862067 29
310 0.1 279.0 0.0 3074 275 1025.4666666666665 30
314 0.1 295.0 0.0 3074 275 1001.3870967741933 31
