0 0.1 5639.558837890625 0 5639.558837890625 5639.558837890625 0 0
10 0.8 9675.091491699219 4230.002089878864 15087.33203125 3824.3701171875 5639.558837890625 1
20 0.9 14414.297309027777 5678.290836436359 24384.348876953125 3824.3701171875 9226.698974609375 9
30 0.6 10328.067993164063 6617.143047853046 24384.348876953125 3175.218017578125 11820.498141818576 18
40 0.6 14094.118326822916 5343.64656245897 24384.348876953125 3175.218017578125 11447.390604654947 24
50 0.8 13298.790252685547 3627.077837940356 24384.348876953125 3175.218017578125 11976.736149088541 30
60 1.2 15342.471435546875 5230.698849102091 24878.27294921875 3175.218017578125 12255.063328793174 38
70 0.8 18208.090850830078 3707.2261713365156 24878.27294921875 3175.218017578125 12996.041274414063 50
80 0.9 22635.288194444445 5256.170676268329 36429.859130859375 3175.218017578125 13714.944664264547 58
90 0.8 26202.357635498047 4506.84334633797 36429.859130859375 3175.218017578125 14913.19976533349 67
100 0.9 32626.00390625 4470.082925090491 41312.947021484375 3175.218017578125 16117.376604817708 75
110 0.8 39504.26989746094 4795.2561907000445 48766.528076171875 3175.218017578125 17886.15810139974 84
120 1.5 42188.99239908854 4088.677971842128 49256.087890625 3175.218017578125 19765.993909752888 92
130 0.8 49120.29260253906 5662.058986918757 58804.8818359375 3175.218017578125 22909.404912930782 107
140 0.7 46364.88033621652 8987.759819651652 58804.8818359375 3175.218017578125 24732.771013077447 115
150 2.8 37225.004010881705 18609.312936538015 63735.56005859375 526.0048828125 25973.957613585426 122
160 6.3 30878.653587704615 18945.782178343547 72868.42602539063 97.95703125 28074.15294108073 150
170 7.9 26540.924109350275 16832.978512297694 72868.42602539063 97.95703125 28903.65313233568 213
180 8 24728.053662109378 16248.784648928648 72868.42602539063 97.95703125 28264.42165008963 292
190 12.7 18520.566162109382 15105.966923099324 73018.82104492188 52.291015625 27503.912405362695 372
200 15.8 17668.89228453817 11113.203477269131 73018.82104492188 52.291015625 25217.569774314252 499
210 12.3 17831.04967368521 10942.853936710135 73018.82104492188 52.291015625 23402.21049975623 657
220 8.1 22340.18392831308 10697.818447443318 73018.82104492188 52.291015625 22523.681292568108 780
230 4.5 27603.582861328126 6961.763953151758 73018.82104492188 52.291015625 22506.41847432809 861
240 3 37441.01302083333 6656.521489966293 73018.82104492188 52.291015625 22759.588890900937 906
250 1.5 49446.926529947916 4302.530075734782 73018.82104492188 52.291015625 23230.1473566039 936
260 1.1 54187.051868785515 7705.9087857274235 73018.82104492188 52.291015625 23643.661223691346 951
270 1 63052.00930175781 5243.344829924868 73018.82104492188 52.291015625 23992.909973271424 962
280 0.8 67936.08737182617 3237.5457381346237 74495.875 52.291015625 24394.75255895544 972
290 1.2 71433.00852457683 6057.542573805415 89138.38110351563 52.291015625 24750.19202681561 980
300 1.7 69345.6804486443 5075.525761347795 89138.38110351563 52.291015625 25314.90351670788 992
310 1.7 74215.22771139706 3618.1213549437634 89138.38110351563 52.291015625 26056.750105253886 1009
314 0.7 74211.60076032366 1147.516732660285 89138.38110351563 52.291015625 26854.697589956064 1026
