0 18.215625 18.215625
10 24.3203125 42.5359375
20 19.47265625 62.00859375
30 20.43359375 82.4421875
40 33.10859375 115.55078125
50 32.31328125 147.8640625
60 35.0890625 182.953125
70 38.6984375 221.6515625
80 34.92734375 256.57890625
90 38.525 295.10390625
100 32.22109375 327.325
110 45.1640625 372.4890625
120 29.7484375 402.2375
130 44.6140625 446.8515625
140 56.46171875 503.31328125
150 114.340625 617.65390625
160 136.12109375 753.775
170 166.12890625 919.90390625
180 177.9625 1097.86640625
190 273.60703125 1371.4734375
200 243.7046875 1615.178125
210 212.759375 1827.9375
220 146.24375 1974.18125
230 62.675 2036.85625
240 42.51640625 2079.37265625
250 33.85859375 2113.23125
260 29.35546875 2142.58671875
270 24.2328125 2166.81953125
280 31.86484375 2198.684375
290 23.2359375 2221.9203125
300 14.52265625 2236.44296875
310 4.73984375 2241.1828125
314 0 2241.1828125
