0 443.4515625 443.4515625
10 472.50859375 915.96015625
20 207.83359375 1123.79375
30 679.25703125 1803.05078125
40 466.22421875 2269.275
50 564.86875 2834.14375
60 517.3640625 3351.5078125
70 698.8171875 4050.325
80 514.82421875 4565.14921875
90 558.46875 5123.61796875
100 552.33046875 5675.9484375
110 874.61640625 6550.56484375
120 732.73125 7283.29609375
130 940.9703125 8224.26640625
140 655.52578125 8879.7921875
150 810.784375 9690.5765625
160 667.91484375 10358.49140625
170 1050.471875 11408.96328125
180 836.2640625 12245.22734375
190 1402.8765625 13648.10390625
200 988.58359375 14636.6875
210 963.47109375 15600.15859375
220 900.6453125 16500.80390625
230 660.725 17161.52890625
240 888.73203125 18050.2609375
250 663.12421875 18713.38515625
260 565.52578125 19278.9109375
270 346.50390625 19625.41484375
280 549.7015625 20175.11640625
290 540.14765625 20715.2640625
300 377.5171875 21092.78125
310 468.97109375 21561.75234375
314 146.6359375 21708.38828125
