0 0.8 14.592071533203125 35.26141952645417 107.830078125 0.68896484375 0 0
10 1.3 0.7587702824519231 0.1613310039812162 107.830078125 0.592041015625 14.592071533203125 8
20 0.9 0.7402072482638888 0.08536566199632607 107.830078125 0.592041015625 6.028599330357143 21
30 1.2 1.3790690104166667 2.2267731847597623 107.830078125 0.530029296875 4.442081705729167 30
40 0.6 0.6866455078125 0.07939773809596692 107.830078125 0.530029296875 3.5669352213541665 42
50 0.9 0.6999240451388888 0.08470874012053699 107.830078125 0.530029296875 3.2068990071614585 48
60 2.3 0.7189941406249999 0.16243274023975593 107.830078125 0.514892578125 2.811060855263158 57
70 2.4 0.6979268391927084 0.0990587481071684 107.830078125 0.514892578125 2.2095916748046873 80
80 2.3 0.7237920346467391 0.10414749598874253 107.830078125 0.514892578125 1.8607459435096154 104
90 1.8 1.4349365234375 3.0606272114213486 107.830078125 0.514892578125 1.6548409048966535 127
100 1.6 0.6643218994140625 0.09169814578394461 107.830078125 0.514892578125 1.6275424299568966 145
110 1.8 0.6757134331597222 0.09420601197074599 107.830078125 0.514892578125 1.5318186505240683 161
120 3.7 0.6311629011824325 0.09508040221552372 107.830078125 0.489013671875 1.4457298577164805 179
130 4.1 0.6763231230945121 0.09668366488632033 107.830078125 0.489013671875 1.3061975549768519 216
140 4.2 0.6412586030505952 0.10121631042096964 107.830078125 0.489013671875 1.2057117506687742 257
150 7.3 0.7770895761986302 0.9248038623833171 107.830078125 0.489013671875 1.1264240175585285 299
160 7.8 0.6192282652243588 0.09608083096471756 107.830078125 0.489013671875 1.057871828797043 372
170 8.6 0.6028797238372091 0.07656216505064992 107.830078125 0.489013671875 0.9818402777777778 450
180 13.7 0.6522350450501825 0.23308908982820553 107.830078125 0.486083984375 0.9210369053171642 536
190 17 0.6349494485294119 0.13634584444307063 107.830078125 0.486083984375 0.8663179530785661 673
200 16.7 0.6823891279940123 0.8674075429446093 107.830078125 0.48486328125 0.8196600102869217 843
210 2.7 0.5901873553240742 0.06704199028566817 107.830078125 0.48486328125 0.7969627455909654 1010
220 2 0.6308837890625 0.08397170215183025 107.830078125 0.48486328125 0.7915790083323289 1037
230 1.9 0.6703073601973685 0.18175050885632987 107.830078125 0.48486328125 0.788538417617668 1057
240 1.2 0.6151326497395834 0.04258994056164832 107.830078125 0.48486328125 0.7864506944847816 1076
250 0 0 0 107.830078125 0.48486328125 0.7845611572265625 1088
251 0 0 0 107.830078125 0.48486328125 0.7845611572265625 1088
