0 0.1 2.7058703768409407 0 2.7058703768409407 2.7058703768409407 0 0
10 0.1 1.968503937007874 0.0 2.7058703768409407 1.968503937007874 2.7058703768409407 1
20 0.1 0.9950248756218906 0.0 2.7058703768409407 0.9950248756218906 2.3371871569244074 2
30 0.1 1.1928429423459244 0.0 2.7058703768409407 0.9950248756218906 1.8897997298235685 3
40 0.1 0.992063492063492 0.0 2.7058703768409407 0.992063492063492 1.7155605329541574 4
50 0.1 0.9910802775024776 0.0 2.7058703768409407 0.9910802775024776 1.5708611247760245 5
60 0.1 0.992063492063492 0.0 2.7058703768409407 0.9910802775024776 1.4742309835637668 6
70 0.1 1.7769002961500493 0.0 2.7058703768409407 0.9910802775024776 1.4053499133494418 7
80 0.1 1.7892644135188867 0.0 2.7058703768409407 0.9910802775024776 1.4517937111995178 8
90 0.1 1.2012012012012012 0.0 2.7058703768409407 0.9910802775024776 1.4892904559016698 9
100 0.1 1.8867924528301887 0.0 2.7058703768409407 0.9910802775024776 1.460481530431623 10
110 0.1 1.1964107676969093 0.0 2.7058703768409407 0.9910802775024776 1.4992370688314927 11
120 0.1 1.3888888888888888 0.0 2.7058703768409407 0.9910802775024776 1.474001543736944 12
130 0.1 2.091633466135458 0.0 2.7058703768409407 0.9910802775024776 1.46745441644094 13
140 0.1 2.206619859578736 0.0 2.7058703768409407 0.9910802775024776 1.5120386342762626 14
150 0.1 2.2022022022022023 0.0 2.7058703768409407 0.9910802775024776 1.5583440492964276 15
160 0.1 2.434077079107505 0.0 2.7058703768409407 0.9910802775024776 1.5985851838530385 16
170 0.1 3.2355915065722956 0.0 3.2355915065722956 0.9910802775024776 1.6477317659268305 17
180 0.1 3.8229376257545273 0.0 3.8229376257545273 0.9910802775024776 1.7359461959626896 18
190 0.1 4.246713852376137 0.0 4.246713852376137 0.9910802775024776 1.8457878501622602 19
200 0.1 6.720977596741344 0.0 6.720977596741344 0.9910802775024776 1.9658341502729542 20
210 0.1 6.63265306122449 0.0 6.720977596741344 0.9910802775024776 2.1922695524857345 21
220 0.1 3.0211480362537766 0.0 6.720977596741344 0.9910802775024776 2.394105166519314 22
230 0.1 2.49003984063745 0.0 6.720977596741344 0.9910802775024776 2.4213678999860297 23
240 0.1 1.9940179461615155 0.0 6.720977596741344 0.9910802775024776 2.4242292308465054 24
250 0.1 1.1916583912611718 0.0 6.720977596741344 0.9910802775024776 2.407020779459106 25
