0 0.1 3168.79296875 0 3168.79296875 3168.79296875 0 0
10 0.1 3167.46875 0.0 3168.79296875 3167.46875 3168.79296875 1
20 0.1 3166.875 0.0 3168.79296875 3166.875 3168.130859375 2
30 0.1 3165.1875 0.0 3168.79296875 3165.1875 3167.7122395833335 3
40 0.1 3165.55859375 0.0 3168.79296875 3165.1875 3167.0810546875 4
50 0.1 3165.5859375 0.0 3168.79296875 3165.1875 3166.7765625 5
60 0.1 3165.57421875 0.0 3168.79296875 3165.1875 3166.578125 6
70 0.1 3162.921875 0.0 3168.79296875 3162.921875 3166.4347098214284 7
80 0.1 3160.390625 0.0 3168.79296875 3160.390625 3165.99560546875 8
90 0.1 3160.27734375 0.0 3168.79296875 3160.27734375 3165.3728298611113 9
100 0.1 3161.0078125 0.0 3168.79296875 3160.27734375 3164.86328125 10
110 0.1 3160.66015625 0.0 3168.79296875 3160.27734375 3164.512784090909 11
120 0.1 3161.03515625 0.0 3168.79296875 3160.27734375 3164.1917317708335 12
130 0.1 3159.46875 0.0 3168.79296875 3159.46875 3163.948918269231 13
140 0.1 3157.66015625 0.0 3168.79296875 3157.66015625 3163.62890625 14
150 0.1 3157.7734375 0.0 3168.79296875 3157.66015625 3163.230989583333 15
160 0.1 3151.609375 0.0 3168.79296875 3151.609375 3162.889892578125 16
170 0.1 3146.97265625 0.0 3168.79296875 3146.97265625 3162.2263327205883 17
180 0.1 3141.515625 0.0 3168.79296875 3141.515625 3161.37890625 18
190 0.1 3130.10546875 0.0 3168.79296875 3130.10546875 3160.3334703947367 19
200 0.1 3125.00390625 0.0 3168.79296875 3125.00390625 3158.8220703125 20
210 0.1 3122.89453125 0.0 3168.79296875 3122.89453125 3157.2116815476193 21
220 0.1 3123.28125 0.0 3168.79296875 3122.89453125 3155.6518110795455 22
230 0.1 3123.72265625 0.0 3168.79296875 3122.89453125 3154.244395380435 23
240 0.1 3127.4765625 0.0 3168.79296875 3122.89453125 3152.97265625 24
250 0.1 3127.453125 0.0 3168.79296875 3122.89453125 3151.9528125 25
