0 0.1 0.0 0 0.0 0.0 0 0
10 0.1 0.0 0.0 0.0 0.0 0.0 1
20 0.1 0.0 0.0 0.0 0.0 0.0 2
30 0.1 0.0 0.0 0.0 0.0 0.0 3
40 0.1 0.0 0.0 0.0 0.0 0.0 4
50 0.1 0.0 0.0 0.0 0.0 0.0 5
60 0.1 0.0 0.0 0.0 0.0 0.0 6
70 0.1 0.0 0.0 0.0 0.0 0.0 7
80 0.1 0.0 0.0 0.0 0.0 0.0 8
90 0.1 0.0 0.0 0.0 0.0 0.0 9
100 0.1 0.0 0.0 0.0 0.0 0.0 10
110 0.1 0.0 0.0 0.0 0.0 0.0 11
120 0.1 0.0 0.0 0.0 0.0 0.0 12
130 0.1 0.0 0.0 0.0 0.0 0.0 13
140 0.1 0.078125 0.0 0.078125 0.0 0.0 14
150 0.1 0.0703125 0.0 0.078125 0.0 0.005208333333333333 15
160 0.1 0.05859375 0.0 0.078125 0.0 0.00927734375 16
170 0.1 0.05078125 0.0 0.078125 0.0 0.012178308823529412 17
180 0.1 0.0390625 0.0 0.078125 0.0 0.014322916666666666 18
190 0.1 0.0390625 0.0 0.078125 0.0 0.015625 19
200 0.1 0.03125 0.0 0.078125 0.0 0.016796875 20
210 0.1 0.03125 0.0 0.078125 0.0 0.017485119047619048 21
220 0.1 0.01953125 0.0 0.078125 0.0 0.018110795454545456 22
230 0.1 0.01953125 0.0 0.078125 0.0 0.018172554347826088 23
240 0.1 0.01953125 0.0 0.078125 0.0 0.018229166666666668 24
250 0.1 0.01171875 0.0 0.078125 0.0 0.01828125 25
