0 2.7 66.83261899594906 76.23239432920742 348.947998046875 7.09912109375 0 0
10 5.4 108.32123933015046 119.15808769263718 457.68603515625 7.09912109375 66.83261899594906 27
20 6.6 87.18314985795455 92.61906045475841 457.68603515625 7.09912109375 94.49169921875 81
30 6.2 72.04612682711694 86.54087741303842 457.68603515625 7.09912109375 91.21030970982143 147
40 3.4 80.80460851332721 76.8368720066837 457.68603515625 7.09912109375 85.5252411034689 209
50 4.7 76.19383207280585 91.50247574154463 457.68603515625 7.09912109375 84.86474107028035 243
60 7.9 52.24777492088607 63.825434534639754 457.68603515625 7.09912109375 83.45945581896552 290
70 14.7 89.04251202434101 105.85179896510759 576.5419921875 6.551025390625 76.77728023373983 369
80 11.8 65.17448399430617 74.58212676700178 576.5419921875 6.302001953125 80.27144510431808 516
90 14.2 83.95838261993839 103.42327914268427 616.843994140625 6.302001953125 77.46160060750198 634
100 10 124.10873046875 159.57757850148326 840.119140625 6.302001953125 78.6504447386437 776
110 9.3 71.36775716145833 91.12364373237612 840.119140625 6.302001953125 83.83974676262842 876
120 15.7 67.62471853851514 84.44899578462122 840.119140625 6.302001953125 82.6427446646833 969
130 21.4 99.75201701226632 125.92884044842586 840.119140625 6.302001953125 80.54875700765986 1126
140 23.4 140.43264118422817 175.00952277213986 889.65087890625 6.302001953125 83.61554629197761 1340
150 28.6 130.2134429291412 174.59332502820354 998.197998046875 6.302001953125 92.0623062696057 1574
160 35.9 584.9349477443851 415.9779372490679 1954.208984375 6.302001953125 97.92855631510416 1860
170 37.4 1488.370862665024 442.33872088594205 3395.368896484375 6.302001953125 176.71868453642543 2219
180 47.7 1821.9671664128014 904.5813603803405 4632.404052734375 0.630859375 365.9041510308704 2593
190 86.1 1183.3119714539782 1300.675033815714 5424.2958984375 0.630859375 592.139349186304 3070
200 99.9 1131.4625174490893 1160.2009651108992 5460.472900390625 0.610107421875 721.6228464573463 3931
210 53.7 1726.4857866511 663.3060179802499 5460.472900390625 0.610107421875 804.6714937840708 4930
220 27.3 2549.417601197629 519.8494119742714 5460.472900390625 0.610107421875 895.2173645120009 5467
230 22 1362.7540549538346 1088.0670425214569 5460.472900390625 0.610107421875 973.892741622659 5740
240 12 91.32335001627604 103.71509077505665 5460.472900390625 0.610107421875 988.2466827187762 5960
250 3.2 115.81267547607422 97.65588760314905 5460.472900390625 0.610107421875 970.5442485207005 6080
251 0 0 0 5460.472900390625 0.610107421875 966.0692141068544 6112
