10 0.1 299 0 299 299 0 0
20 0.1 1111.0 0.0 1111 299 299.0 1
30 0.1 979.0 0.0 1111 299 705.0 2
40 0.1 742.0 0.0 1111 299 796.3333333333334 3
50 0.1 429.0 0.0 1111 299 782.75 4
60 0.1 589.0 0.0 1111 299 712.0 5
70 0.1 1004.0 0.0 1111 299 691.5 6
80 0.1 1837.0 0.0 1837 299 736.1428571428571 7
90 0.1 1155.0 0.0 1837 299 873.75 8
100 0.1 1327.0 0.0 1837 299 905.0 9
110 0.1 1339.0 0.0 1837 299 947.2 10
120 0.1 1207.0 0.0 1837 299 982.8181818181819 11
130 0.1 2236.0 0.0 2236 299 1001.5 12
140 0.1 2590.0 0.0 2590 299 1096.4615384615386 13
150 0.1 3320.0 0.0 3320 299 1203.142857142857 14
160 0.1 4188.0 0.0 4188 299 1344.2666666666667 15
170 0.1 4138.0 0.0 4188 299 1522.0 16
180 0.1 4252.0 0.0 4252 299 1675.8823529411766 17
190 0.1 5456.0 0.0 5456 299 1819.0 18
200 0.1 6413.0 0.0 6413 299 2010.421052631579 19
210 0.1 7285.0 0.0 7285 299 2230.55 20
220 0.1 3657.0 0.0 7285 299 2471.2380952380954 21
230 0.1 1926.0 0.0 7285 299 2525.1363636363635 22
240 0.1 2705.0 0.0 7285 299 2499.086956521739 23
250 0.1 766.0 0.0 7285 299 2507.6666666666665 24
