0 2.9 62.22022326239226 74.95227084594787 348.947998046875 7.09912109375 0 0
10 6.4 91.38930130004883 112.48291151962196 457.68603515625 7.09912109375 62.22022326239226 29
20 7.5 76.71566080729161 87.13930513827133 457.68603515625 7.09912109375 82.29356728830645 93
30 7 63.80797991071429 80.15327301475479 457.68603515625 7.09912109375 79.80343046642483 168
40 3.7 74.24996700802365 74.48165984266244 457.68603515625 7.09912109375 75.0988861853335 238
50 5.1 70.2146283318015 88.41905725732639 457.68603515625 7.09912109375 74.98466796874999 275
60 8.2 50.33489543635671 61.971999691851714 457.68603515625 7.09912109375 74.23843477401266 326
70 16.2 80.79411862220293 99.18010879803244 576.5419921875 6.551025390625 69.43429206399358 408
80 12.2 63.03637695312502 73.57281375352912 576.5419921875 6.302001953125 72.66287434895834 570
90 15.1 78.95207406353477 100.7625172901287 616.843994140625 6.302001953125 70.96571729362357 692
100 11.2 110.80746241978237 151.2428847348877 840.119140625 6.302001953125 72.39625094991845 843
110 10.2 65.06741871553311 84.73577303935629 840.119140625 6.302001953125 76.90102130031086 955
120 17 62.45100815716913 80.51569964134599 840.119140625 6.302001953125 75.75908424861045 1057
130 23.1 92.40848954105792 121.9852582757356 840.119140625 6.302001953125 73.91525952526487 1227
140 26.4 124.47069017814862 163.50195790639913 889.65087890625 6.302001953125 76.84525687344608 1458
150 31.2 119.35942273262229 167.706620304452 998.197998046875 6.302001953125 84.14671703165831 1722
160 39.3 543.5917291616969 369.17513738779127 1753.468994140625 6.302001953125 89.54807601823687 2034
170 39.9 1411.0224034206603 316.6825446625783 2479.88818359375 6.302001953125 163.07059587212223 2427
180 52.7 1671.9394151372744 733.7184506067762 3016.23583984375 0.630859375 339.2676132860878 2826
190 93.9 1083.9708521053794 1113.216146689783 3368.108154296875 0.078857421875 548.7272135173956 3353
200 108.9 1022.4300585309774 1000.0753485706352 3472.18408203125 0.067138671875 665.8273478683082 4292
210 56.3 1650.338413163993 534.0205104403112 3472.18408203125 0.067138671875 737.99615513678 5381
220 28.1 2481.8136833435283 414.2686091610282 3621.535888671875 0.067138671875 824.41080709999 5944
230 23.8 1228.9694978088892 936.2895838639176 3621.535888671875 0.067138671875 899.2269048067265 6225
240 12.7 84.32921882689472 99.54222950189724 3621.535888671875 0.067138671875 911.3696770695324 6463
250 3.2 115.81267547607422 97.65588760314905 3621.535888671875 0.067138671875 895.431264596571 6590
251 0 0 0 3621.535888671875 0.067138671875 891.6638537158922 6622
