10 0.1 205 0 205 205 0 0
20 0.1 593.0 0.0 593 205 205.0 1
30 0.1 528.0 0.0 593 205 399.0 2
40 0.1 475.0 0.0 593 205 442.0 3
50 0.1 266.0 0.0 593 205 450.25 4
60 0.1 365.0 0.0 593 205 413.4 5
70 0.1 666.0 0.0 666 205 405.3333333333333 6
80 0.1 1116.0 0.0 1116 205 442.57142857142856 7
90 0.1 793.0 0.0 1116 205 526.75 8
100 0.1 864.0 0.0 1116 205 556.3333333333334 9
110 0.1 776.0 0.0 1116 205 587.1 10
120 0.1 730.0 0.0 1116 205 604.2727272727273 11
130 0.1 1427.0 0.0 1427 205 614.75 12
140 0.1 1678.0 0.0 1678 205 677.2307692307693 13
150 0.1 1986.0 0.0 1986 205 748.7142857142857 14
160 0.1 2791.0 0.0 2791 205 831.2 15
170 0.1 2828.0 0.0 2828 205 953.6875 16
180 0.1 2989.0 0.0 2989 205 1063.9411764705883 17
190 0.1 3854.0 0.0 3854 205 1170.888888888889 18
200 0.1 4898.0 0.0 4898 205 1312.1052631578948 19
210 0.1 5261.0 0.0 5261 205 1491.4 20
220 0.1 2514.0 0.0 5261 205 1670.904761904762 21
230 0.1 1544.0 0.0 5261 205 1709.2272727272727 22
240 0.1 1714.0 0.0 5261 205 1702.0434782608695 23
250 0.1 507.0 0.0 5261 205 1702.5416666666667 24
