0 0.2 4126.2955322265625 2339.6944580078125 6465.989990234375 1786.60107421875 0 0
10 1 7236.82314453125 4430.453651317384 17794.76904296875 1206.505859375 4126.2955322265625 2
20 1.3 7387.0607346754805 3058.6682936542447 17794.76904296875 899.906005859375 6718.401875813802 12
30 0.8 4826.367828369141 2275.385254049542 17794.76904296875 899.906005859375 7066.104482421875 25
40 0.8 9042.426666259766 3711.75378173485 17794.76904296875 899.906005859375 6523.138020833333 33
50 0.7 12978.281180245536 9055.916784696421 30706.263916015625 899.906005859375 7014.706537014101 41
60 0.9 10523.40074327257 4653.382368637925 30706.263916015625 899.906005859375 7884.394505818685 48
70 2.2 7661.706764914773 3913.676327478021 30706.263916015625 899.906005859375 8301.079701206141 57
80 1.9 11082.418315686678 5667.208069922335 30706.263916015625 899.906005859375 8123.026478441456 79
90 3 11704.141772460938 6068.547560831243 30706.263916015625 899.906005859375 8696.786120356346 98
100 2.2 8193.90878018466 4606.965710000842 30706.263916015625 899.906005859375 9401.63510131836 128
110 1.5 9300.189762369791 4337.801222713248 30706.263916015625 899.906005859375 9224.501907552083 150
120 2.1 7967.406203497024 4341.520665145739 30706.263916015625 899.906005859375 9231.38262162642 165
130 3.4 7576.339563706342 3677.9979851881762 30706.263916015625 899.906005859375 9088.675606676326 186
140 4.4 9368.126808860085 5470.14978122007 30706.263916015625 899.906005859375 8854.950945490056 220
150 3.8 9900.022319592928 5524.248698744644 30706.263916015625 899.906005859375 8940.480256051727 264
160 4.6 10735.308668053669 5318.122137359459 34016.340087890625 899.906005859375 9061.21733689466 302
170 5.5 15174.25419921875 4610.39250939889 34016.340087890625 899.906005859375 9282.50527147315 348
180 6.1 16937.809218109618 5418.0786376260185 34016.340087890625 899.906005859375 10086.590112728753 403
190 10.5 16684.32524646577 6820.146418006584 38416.173095703125 22.448974609375 10987.289176151668 464
200 19.7 15556.100809010153 6211.289310509712 38416.173095703125 22.448974609375 12038.587572255326 569
210 10.7 17911.40669721087 5619.271824743657 38416.173095703125 22.448974609375 12943.222177530393 766
220 10.3 20900.78599059466 4421.760269871522 38416.173095703125 22.448974609375 13552.152009839454 873
230 6.3 22176.273313492064 6824.403440507641 38416.173095703125 22.448974609375 14327.67383362817 976
240 2.9 17572.824269261855 9795.895564226335 41231.02001953125 22.448974609375 14803.575438278242 1039
250 1.8 15845.672485351563 5612.452429228405 41231.02001953125 22.448974609375 14878.770397171991 1068
251 0 0 0 41231.02001953125 22.448974609375 14894.79639863353 1086
