0 11.32734375 11.32734375
10 32.7171875 44.04453125
20 38.265625 82.31015625
30 33.85703125 116.1671875
40 19.60078125 135.76796875
50 23.25390625 159.021875
60 35.00390625 194.02578125
70 79.78203125 273.8078125
80 57.040625 330.8484375
90 77.9140625 408.7625
100 57.9375 466.7
110 50.28828125 516.98828125
120 78.45234375 595.440625
130 110.32578125 705.76640625
140 131.9875 837.75390625
150 140.2671875 978.02109375
160 208.6 1186.62109375
170 197.03359375 1383.6546875
180 233.28515625 1616.93984375
190 386.603125 2003.54296875
200 447.97109375 2451.5140625
210 289.98828125 2741.50234375
220 141.99453125 2883.496875
230 101.5375 2985.034375
240 67.534375 3052.56875
250 20.5796875 3073.1484375
251 0 3073.1484375
