0 211.44140625 211.44140625
10 801.58671875 1013.028125
20 725.96953125 1738.99765625
30 817.66015625 2556.6578125
40 316.54453125 2873.20234375
50 407.3609375 3280.56328125
60 725.034375 4005.59765625
70 1465.025 5470.62265625
80 795.87578125 6266.4984375
90 865.35234375 7131.85078125
100 1097.80703125 8229.6578125
110 966.93359375 9196.59140625
120 1576.109375 10772.70078125
130 1927.596875 12700.29765625
140 2456.92421875 15157.221875
150 3248.36875 18405.590625
160 2902.0921875 21307.6828125
170 3204.45546875 24512.13828125
180 3759.03671875 28271.175
190 4158.81015625 32429.98515625
200 4737.1953125 37167.18046875
210 2837.28203125 40004.4625
220 1512.484375 41516.946875
230 2102.78203125 43619.72890625
240 873.825 44493.55390625
250 47.86171875 44541.415625
251 0 44541.415625
