0 1 12.9069091796875 32.84919618011591 111.43115234375 1.489013671875 0 0
10 1.2 1.545654296875 0.07576342238637969 111.43115234375 1.3720703125 12.9069091796875 10
20 1.3 1.5358511117788463 0.07345433556668003 111.43115234375 1.3720703125 6.7098610617897725 22
30 1.1 1.50439453125 0.06683618422154067 111.43115234375 1.3720703125 4.7880859375 35
40 0.6 1.49951171875 0.13781718458775788 111.43115234375 1.20703125 4.0028553838315215 46
50 0.6 1.5719401041666667 0.09744511137960896 111.43115234375 1.20703125 3.714008037860577 52
60 1.3 1.7986027644230769 0.749048237168483 111.43115234375 1.20703125 3.4924148033405173 58
70 3 1.5464111328125 0.29433116474429166 111.43115234375 1.20703125 3.182280204665493 71
80 2.2 1.4798362038352273 0.11386966435762375 111.43115234375 1.20703125 2.696378500154703 101
90 1.2 1.5288492838541667 0.1423204727113782 111.43115234375 1.20703125 2.4787855691056913 123
100 1.9 1.560752467105263 0.13135499466947792 111.43115234375 1.20703125 2.3943467881944445 135
110 2.6 1.6309251051682692 0.35842149961454445 111.43115234375 1.20703125 2.2915007355925323 154
120 3.9 1.6405060596955128 1.2803501321835578 111.43115234375 1.201904296875 2.196084255642361 180
130 4 1.3852539062499998 0.11074692112192899 111.43115234375 1.201904296875 2.0971456728025113 219
140 3.1 1.4104555191532258 0.12258276241332772 111.43115234375 1.201904296875 1.9872009984314671 259
150 6.3 1.4242737785218254 0.45675014501336186 111.43115234375 1.16796875 1.925548895474138 290
160 7.8 1.3549053485576927 0.13782842504778842 111.43115234375 1.16796875 1.8360861975478044 353
170 8.8 1.386768687855114 0.4461584925137093 111.43115234375 1.16796875 1.749004744598318 431
180 15 1.3432910156249995 0.3017102552153502 111.43115234375 1.16796875 1.6875851434549614 519
190 13.8 1.3705240885416667 0.6747715040957503 111.43115234375 1.162841796875 1.6103891506679746 669
200 15.7 1.2689496666003184 0.07790180827683868 111.43115234375 1.157958984375 1.569371333352695 807
210 3.9 1.3268479567307692 0.10899636066648892 111.43115234375 1.157958984375 1.520443738248833 964
220 1.9 1.4124049136513157 0.17987446394534828 111.43115234375 1.157958984375 1.5129160857271935 1003
230 1.7 1.4730152803308822 0.11053750167963362 111.43115234375 1.157958984375 1.5110474827238258 1022
240 1.2 1.6929728190104167 0.9237662192247692 111.43115234375 1.157958984375 1.5104252041476178 1039
250 0 0 0 111.43115234375 1.157958984375 1.5125094775808754 1051
260 0 0 0 111.43115234375 1.157958984375 1.5125094775808754 1051
270 0 0 0 111.43115234375 1.157958984375 1.5125094775808754 1051
280 0 0 0 111.43115234375 1.157958984375 1.5125094775808754 1051
288 0 0 0 111.43115234375 1.157958984375 1.5125094775808754 1051
