0 0.1 2.6975809929473273 0 2.6975809929473273 2.6975809929473273 0 0
10 0.1 1.6815034619188922 0.0 2.6975809929473273 1.6815034619188922 2.6975809929473273 1
20 0.1 1.3875123885034688 0.0 2.6975809929473273 1.3875123885034688 2.18954222743311 2
30 0.1 1.1928429423459244 0.0 2.6975809929473273 1.1928429423459244 1.9221989477898962 3
40 0.1 1.1892963330029733 0.0 2.6975809929473273 1.1892963330029733 1.7398599464289033 4
50 0.1 1.0880316518298714 0.0 2.6975809929473273 1.0880316518298714 1.6297472237437174 5
60 0.1 0.992063492063492 0.0 2.6975809929473273 0.992063492063492 1.5394612950914095 6
70 0.1 1.4851485148514851 0.0 2.6975809929473273 0.992063492063492 1.4612616089445642 7
80 0.1 1.6966067864271457 0.0 2.6975809929473273 0.992063492063492 1.4642474721829293 8
90 0.1 1.3958125623130608 0.0 2.6975809929473273 0.992063492063492 1.4900651737656199 9
100 0.1 1.294820717131474 0.0 2.6975809929473273 0.992063492063492 1.480639912620364 10
110 0.1 1.4895729890764648 0.0 2.6975809929473273 0.992063492063492 1.4637472584850106 11
120 0.1 1.791044776119403 0.0 2.6975809929473273 0.992063492063492 1.465899402700965 12
130 0.1 1.3039117352056169 0.0 2.6975809929473273 0.992063492063492 1.490910585271614 13
140 0.1 1.898101898101898 0.0 2.6975809929473273 0.992063492063492 1.4775535245526144 14
150 0.1 1.6983016983016983 0.0 2.6975809929473273 0.992063492063492 1.5055900827892332 15
160 0.1 1.809045226130653 0.0 2.6975809929473273 0.992063492063492 1.5176345587587623 16
170 0.1 2.4950099800399204 0.0 2.6975809929473273 0.992063492063492 1.5347763627218147 17
180 0.1 3.5999999999999996 0.0 3.5999999999999996 0.992063492063492 1.5881226747950428 18
190 0.1 5.757575757575758 0.0 5.757575757575758 0.992063492063492 1.694010955068988 19
200 0.1 6.014271151885831 0.0 6.014271151885831 0.992063492063492 1.8971891951943263 20
210 0.1 5.521472392638037 0.0 6.014271151885831 0.992063492063492 2.0932407169415406 21
220 0.1 3.1124497991967868 0.0 6.014271151885831 0.992063492063492 2.249069429473199 22
230 0.1 2.1021021021021022 0.0 6.014271151885831 0.992063492063492 2.286607706417703 23
240 0.1 1.8924302788844622 0.0 6.014271151885831 0.992063492063492 2.278919972904553 24
250 0.1 1.394422310756972 0.0 6.014271151885831 0.992063492063492 2.263460385143749 25
260 0.1 1.0934393638170974 0.0 6.014271151885831 0.992063492063492 2.230035843821181 26
270 0.1 1.3861386138613863 0.0 6.014271151885831 0.992063492063492 2.1879396778951037 27
280 0.1 1.2896825396825395 0.0 6.014271151885831 0.992063492063492 2.159303925608185 28
288 0.1 1.3820335636722607 0.0 6.014271151885831 0.992063492063492 2.1293169812659216 29
