0 0.1 3168.64453125 0 3168.64453125 3168.64453125 0 0
10 0.1 3167.7109375 0.0 3168.64453125 3167.7109375 3168.64453125 1
20 0.1 3166.359375 0.0 3168.64453125 3166.359375 3168.177734375 2
30 0.1 3166.24609375 0.0 3168.64453125 3166.24609375 3167.5716145833335 3
40 0.1 3166.28515625 0.0 3168.64453125 3166.24609375 3167.240234375 4
50 0.1 3166.296875 0.0 3168.64453125 3166.24609375 3167.04921875 5
60 0.1 3167.60546875 0.0 3168.64453125 3166.24609375 3166.923828125 6
70 0.1 3166.5234375 0.0 3168.64453125 3166.24609375 3167.0212053571427 7
80 0.1 3163.02734375 0.0 3168.64453125 3163.02734375 3166.958984375 8
90 0.1 3161.9375 0.0 3168.64453125 3161.9375 3166.5221354166665 9
100 0.1 3161.81640625 0.0 3168.64453125 3161.81640625 3166.063671875 10
110 0.1 3161.71484375 0.0 3168.64453125 3161.71484375 3165.677556818182 11
120 0.1 3161.3515625 0.0 3168.64453125 3161.3515625 3165.3473307291665 12
130 0.1 3160.49609375 0.0 3168.64453125 3160.49609375 3165.0399639423076 13
140 0.1 3157.33984375 0.0 3168.64453125 3157.33984375 3164.715401785714 14
150 0.1 3155.05078125 0.0 3168.64453125 3155.05078125 3164.223697916667 15
160 0.1 3150.265625 0.0 3168.64453125 3150.265625 3163.650390625 16
170 0.1 3144.20703125 0.0 3168.64453125 3144.20703125 3162.8630514705883 17
180 0.1 3137.703125 0.0 3168.64453125 3137.703125 3161.826605902778 18
190 0.1 3129.25 0.0 3168.64453125 3129.25 3160.556949013158 19
200 0.1 3125.29296875 0.0 3168.64453125 3125.29296875 3158.9916015625 20
210 0.1 3123.89453125 0.0 3168.64453125 3123.89453125 3157.3869047619046 21
220 0.1 3123.28125 0.0 3168.64453125 3123.28125 3155.8645241477275 22
230 0.1 3122.7890625 0.0 3168.64453125 3122.7890625 3154.447860054348 23
240 0.1 3122.66796875 0.0 3168.64453125 3122.66796875 3153.1287434895835 24
250 0.1 3122.5546875 0.0 3168.64453125 3122.5546875 3151.9103125 25
260 0.1 3122.65625 0.0 3168.64453125 3122.5546875 3150.78125 26
270 0.1 3122.9140625 0.0 3168.64453125 3122.5546875 3149.7395833333335 27
280 0.1 3126.54296875 0.0 3168.64453125 3122.5546875 3148.7815290178573 28
288 0.1 3126.6484375 0.0 3168.64453125 3122.5546875 3148.014682112069 29
