0 2.4 110.97861735026042 124.73426335580207 436.738037109375 8.974853515625 0 0
10 7.2 183.92252265082465 251.00405169788965 1221.405029296875 8.1708984375 110.97861735026042 24
20 7.1 356.61035156250017 482.20297670588883 2105.968994140625 8.1708984375 165.6865463256836 96
30 5.7 179.14700692160088 203.33578320077885 2105.968994140625 8.1708984375 246.85774495930025 167
40 4.6 170.6371008831522 248.38306535490167 2105.968994140625 8.1708984375 229.62778036934995 224
50 4.1 460.9901569645579 620.9426416828493 2448.628173828125 8.1708984375 219.57751645688663 270
60 5.6 242.22952706473228 266.5820511470272 2448.628173828125 8.1708984375 251.40362018940922 311
70 11 526.5332430752841 675.8170992367375 3936.515869140625 8.1708984375 250.00375856820511 367
80 14.1 1033.1386597545436 1053.3819112262786 4941.412109375 8.1708984375 313.77366065579145 477
90 8.4 881.997189476376 1280.0777206491227 5221.929931640625 8.1708984375 477.90062646958444 618
100 10.5 438.8762834821427 632.3905270438029 5221.929931640625 8.1708984375 526.254061359286 702
110 12 447.3314636230469 595.5664652773181 5221.929931640625 8.1708984375 514.8852055016652 807
120 13.9 993.6586439832507 1044.8225559095383 5221.929931640625 8.1708984375 506.14038454650427 927
130 15.2 2468.8460564864313 1343.498202508333 8095.110107421875 8.1708984375 569.7098386381625 1066
140 12 3981.5047017415363 1602.0971441171323 9973.239013671875 8.1708984375 806.7120595847445 1218
150 11.1 5448.3080394847975 1490.9093648588118 9973.239013671875 8.1708984375 1091.4468256974612 1338
160 17.6 6423.819993452592 2078.488327775526 15051.196044921875 8.1708984375 1425.2022395900728 1449
170 21.4 7282.570622809577 3988.1116613705494 18390.90478515625 1.445068359375 1966.5909932391826 1625
180 65.3 2895.4551188774194 4823.47833869238 19299.860107421875 1.423828125 2585.1987369738563 1839
190 89.9 2793.9800393992477 4931.598686116942 20724.467041015625 1.408935546875 2666.4978611243487 2492
200 87.1 2194.7674539524464 4088.764707168523 20724.467041015625 1.408935546875 2700.2951121621354 3391
210 60 3809.7993428548175 5112.21551571097 20724.467041015625 1.408935546875 2596.983382856495 4262
220 29.3 7015.881855102124 4133.630781804118 20724.467041015625 1.408935546875 2746.652156200591 4862
230 20.3 8558.232222232926 3234.047615772368 21347.869873046875 1.408935546875 2989.306724925741 5155
240 13.6 10061.757372687847 3485.2913249425187 22916.774169921875 1.408935546875 3200.2981164810526 5358
250 10.7 12136.73298088858 2479.662196956215 22916.774169921875 1.408935546875 3370.1485822335326 5494
260 9.8 12717.732798050863 4694.893960762185 25092.991943359375 1.408935546875 3537.6230565517058 5601
270 8.1 7972.325213396989 3550.2949046346475 25092.991943359375 1.408935546875 3695.484217223213 5699
280 6.9 5958.856006567029 3873.8531503282757 25092.991943359375 1.408935546875 3755.4191862007347 5780
288 1.3 4552.7367600661055 2396.9967532860614 25092.991943359375 1.408935546875 3781.4128843722638 5849
