10 0.1 353 0 353 353 0 0
20 0.1 745.0 0.0 745 353 353.0 1
30 0.1 930.0 0.0 930 353 549.0 2
40 0.1 546.0 0.0 930 353 676.0 3
50 0.1 383.0 0.0 930 353 643.5 4
60 0.1 758.0 0.0 930 353 591.4 5
70 0.1 1216.0 0.0 1216 353 619.1666666666666 6
80 0.1 1979.0 0.0 1979 353 704.4285714285714 7
90 0.1 1247.0 0.0 1979 353 863.75 8
100 0.1 1010.0 0.0 1979 353 906.3333333333334 9
110 0.1 1181.0 0.0 1979 353 916.7 10
120 0.1 1553.0 0.0 1979 353 940.7272727272727 11
130 0.1 1671.0 0.0 1979 353 991.75 12
140 0.1 1810.0 0.0 1979 353 1044.0 13
150 0.1 1815.0 0.0 1979 353 1098.7142857142858 14
160 0.1 2306.0 0.0 2306 353 1146.4666666666667 15
170 0.1 2601.0 0.0 2601 353 1218.9375 16
180 0.1 2924.0 0.0 2924 353 1300.235294117647 17
190 0.1 3389.0 0.0 3389 353 1390.4444444444443 18
200 0.1 3895.0 0.0 3895 353 1495.6315789473683 19
210 0.1 3218.0 0.0 3895 353 1615.6 20
220 0.1 2640.0 0.0 3895 353 1691.904761904762 21
230 0.1 2012.0 0.0 3895 353 1735.0 22
240 0.1 2492.0 0.0 3895 353 1747.0434782608695 23
250 0.1 1569.0 0.0 3895 353 1778.0833333333333 24
260 0.1 1189.0 0.0 3895 353 1769.72 25
270 0.1 1157.0 0.0 3895 353 1747.3846153846155 26
280 0.1 1426.0 0.0 3895 353 1725.5185185185185 27
288 0.1 1165.0 0.0 3895 353 1714.8214285714287 28
