0 2.5 106.536748046875 123.91937297828797 436.738037109375 8.94091796875 0 0
10 7.6 174.23921926398026 246.07314422024285 1221.405029296875 8.1708984375 106.536748046875 25
20 7.7 328.8182135247565 466.0344080157824 2105.968994140625 8.1708984375 157.4811818340037 101
30 6 170.18712158203124 199.2331567966196 2105.968994140625 8.1708984375 231.59888655416083 178
40 4.8 163.5254720052083 245.25694308483298 2105.968994140625 8.1708984375 216.11692899816177 238
50 4.9 385.7177036830357 572.6999608633159 2448.628173828125 8.1708984375 207.29039076158216 286
60 6.5 208.68241060697116 239.9202363482279 2448.628173828125 8.1708984375 233.38871414412313 335
70 13 445.52097355769223 628.6243518397272 3936.515869140625 8.1708984375 229.37393981933593 400
80 15.2 958.3684676320929 989.9964095746218 4941.412109375 8.1708984375 282.39113677402713 530
90 8.9 832.4438257110252 1255.218265182489 5221.929931640625 8.1708984375 433.0488410121884 682
100 11.1 415.150461007883 620.2896946080215 5221.929931640625 8.1708984375 479.1528016324173 771
110 12.7 422.67249207984736 580.3192035617607 5221.929931640625 8.1708984375 471.098085295316 882
120 15.3 914.3812168096405 943.8668379617858 5221.929931640625 8.1708984375 465.0028916993155 1009
130 17.1 2205.2049210754744 1106.0471383201882 6153.23486328125 8.1708984375 524.1723269332912 1162
140 13.5 3614.663910590278 1249.5753405487744 9140.216064453125 8.1708984375 739.8186687174723 1333
150 12 5454.991318766276 1523.0960943170453 9499.010009765625 8.1708984375 1004.194763848827 1468
160 18.9 5881.049360325727 1044.2814923913504 10093.72607421875 8.1708984375 1340.5269972179037 1588
170 23.1 7064.44439617999 3660.558953407617 12888.47705078125 1.43310546875 1823.4525608799065 1777
180 72.5 2750.744783809267 4400.252765536624 12888.47705078125 1.380859375 2426.375426395006 2008
190 99.8 2458.979613523925 4215.198890790844 14788.578857421875 1.362060546875 2512.422914183275 2733
200 96.5 2028.0637103303104 3549.688304485324 14788.578857421875 1.362060546875 2498.1274400321013 3731
210 65.4 3440.0613020684013 4378.176638267184 14788.578857421875 1.362060546875 2401.5321463433816 4696
220 31.1 6488.783376613998 3180.8540977596804 14788.578857421875 1.362060546875 2528.4850562207953 5350
230 22.1 7927.997881168693 1920.644598105168 14788.578857421875 1.362060546875 2746.053114451194 5661
240 14.4 8994.837288750545 1579.0650650934977 14788.578857421875 1.362060546875 2940.7504611775744 5882
250 11.7 11738.39600861378 1563.2638811268084 15905.375 1.362060546875 3085.421636612441 6026
260 10.3 10850.59512477245 2585.878126605089 16169.279052734375 1.362060546875 3250.226780926971 6143
270 8.8 7512.5693747780515 3164.689993832576 16169.279052734375 1.362060546875 3375.5610651754637 6246
280 7.3 5190.5510488013715 2996.395125765062 16169.279052734375 1.362060546875 3433.0376567834564 6334
288 1.3 4067.358680138222 2082.667784057211 16169.279052734375 1.362060546875 3453.062391857174 6407
