10 0.1 244 0 244 244 0 0
20 0.1 512.0 0.0 512 244 244.0 1
30 0.1 582.0 0.0 582 244 378.0 2
40 0.1 395.0 0.0 582 244 446.0 3
50 0.1 303.0 0.0 582 244 433.25 4
60 0.1 393.0 0.0 582 244 407.2 5
70 0.1 714.0 0.0 714 244 404.8333333333333 6
80 0.1 1219.0 0.0 1219 244 449.0 7
90 0.1 897.0 0.0 1219 244 545.25 8
100 0.1 733.0 0.0 1219 244 584.3333333333334 9
110 0.1 807.0 0.0 1219 244 599.2 10
120 0.1 1064.0 0.0 1219 244 618.0909090909091 11
130 0.1 1261.0 0.0 1261 244 655.25 12
140 0.1 1285.0 0.0 1285 244 701.8461538461538 13
150 0.1 1245.0 0.0 1285 244 743.5 14
160 0.1 1608.0 0.0 1608 244 776.9333333333333 15
170 0.1 1743.0 0.0 1743 244 828.875 16
180 0.1 2243.0 0.0 2243 244 882.6470588235294 17
190 0.1 3334.0 0.0 3334 244 958.2222222222222 18
200 0.1 3876.0 0.0 3876 244 1083.2631578947369 19
210 0.1 3490.0 0.0 3876 244 1222.9 20
220 0.1 2154.0 0.0 3876 244 1330.857142857143 21
230 0.1 1562.0 0.0 3876 244 1368.2727272727273 22
240 0.1 1652.0 0.0 3876 244 1376.695652173913 23
250 0.1 962.0 0.0 3876 244 1388.1666666666667 24
260 0.1 675.0 0.0 3876 244 1371.12 25
270 0.1 662.0 0.0 3876 244 1344.3461538461538 26
280 0.1 824.0 0.0 3876 244 1319.0740740740741 27
288 0.1 602.0 0.0 3876 244 1301.392857142857 28
