10 1 9014.626635742188 4091.953437769561 17584.467041015625 4630.677001953125 0 0
20 1.6 10465.781295776367 4415.874180720628 18293.095947265625 4630.677001953125 9014.626635742188 10
30 0.9 8693.181803385416 3604.527038429837 18293.095947265625 3323.906982421875 9907.644888070914 26
40 0.7 11833.79799107143 7150.087138259962 28378.362060546875 3323.906982421875 9595.354380580357 35
50 1 13349.413696289063 6852.015090402807 28378.362060546875 2670.85400390625 9968.428315662202 42
60 1 8177.378979492188 4211.803497691919 28378.362060546875 2670.85400390625 10618.617811936598 52
70 1.2 7687.080810546875 3238.895717448448 28378.362060546875 2670.85400390625 10224.869613155242 62
80 1.6 12493.59440612793 3778.774479013534 28378.362060546875 2670.85400390625 9813.336293813345 74
90 2.5 14018.867578125 3345.828596164772 28378.362060546875 2670.85400390625 10289.826624891493 90
100 1.8 12398.81647406684 7059.453268437575 32691.304931640625 2670.85400390625 11100.487701681386 115
110 1.6 12702.261672973633 7272.6280183121125 32691.304931640625 2670.85400390625 11276.20137012453 133
120 1.8 14538.564710828992 5042.3603554357915 32691.304931640625 2670.85400390625 11429.335362376783 149
130 1.5 17750.48878580729 4565.601335922842 32691.304931640625 2670.85400390625 11764.461878976423 167
140 1.7 21790.885857077206 4064.3180426596673 32691.304931640625 2670.85400390625 12257.81574492402 182
150 2.1 26145.886149088543 3709.9305125997653 36381.656982421875 2670.85400390625 13072.198618826555 199
160 1.4 32870.349138532365 4327.338226082102 40875.641845703125 2670.85400390625 14320.141519442472 220
170 1.8 38076.09338378906 10032.634268571748 47269.968994140625 1039.81396484375 15429.983000926482 234
180 5.8 30973.758203966863 14140.64740948565 52912.588134765625 790.77392578125 17047.562313988095 252
190 13.8 25637.81196925951 15004.601840247497 57815.52001953125 75.91015625 19653.108641790575 310
200 15.1 25122.074993209328 12948.292995191177 57815.52001953125 75.91015625 21496.61100605556 448
210 12.1 26007.257402908705 15167.859450189608 63994.8349609375 75.91015625 22410.542662249583 599
220 7.3 32893.30348686323 13983.132383960445 69707.73291015625 75.91015625 23014.990556165907 720
230 7.3 38510.82054995183 9861.023861817786 69707.73291015625 75.91015625 23924.34344890349 793
240 3.6 48247.20175509983 10712.577633467317 70183.53393554688 75.91015625 25153.919463195096 866
250 3.9 51776.18844526242 8030.773808073199 77140.90795898438 75.91015625 26075.602570189076 902
260 3.5 58202.91853376116 5296.311308289987 77140.90795898438 75.91015625 27140.770316339833 941
270 2.8 61690.84381975447 7847.875049267279 77140.90795898438 75.91015625 28254.679320038344 976
280 3.6 56425.67295328776 8322.18893766516 77140.90795898438 75.91015625 29187.16199532923 1004
288 1.1 55470.9423828125 6761.70310961777 77140.90795898438 75.91015625 30130.033528489334 1040
