0 10.659375 10.659375
10 48.2796875 58.9390625
20 50.18125 109.1203125
30 37.0046875 146.125
40 28.14609375 174.27109375
50 35.68359375 209.9546875
60 38.30078125 248.25546875
70 80.08359375 328.3390625
80 98.46640625 426.80546875
90 60.65078125 487.45625
100 61.92421875 549.38046875
110 78.4296875 627.81015625
120 105.38671875 733.196875
130 105.165625 838.3625
140 96.86796875 935.23046875
150 79.81640625 1015.046875
160 126.1640625 1141.2109375
170 129.2359375 1270.446875
180 345.25234375 1615.69921875
190 491.5796875 2107.27890625
200 465.4515625 2572.73046875
210 353.3328125 2926.06328125
220 190.4484375 3116.51171875
230 131.534375 3248.04609375
240 93.2546875 3341.30078125
250 53.95859375 3395.259375
260 61.7671875 3457.0265625
270 44.0140625 3501.040625
280 40.29375 3541.334375
288 3.82421875 3545.15859375
