0 227.121875 227.121875
10 506.35390625 733.47578125
20 657.51875 1390.99453125
30 461.1390625 1852.13359375
40 209.24453125 2061.378125
50 644.86015625 2706.23828125
60 811.7953125 3518.03359375
70 1537.753125 5055.78671875
80 1163.23984375 6219.0265625
90 630.87578125 6849.90234375
100 880.2703125 7730.17265625
110 1151.3078125 8881.48046875
120 1036.9046875 9918.38515625
130 1370.21796875 11288.603125
140 1150.49921875 12439.10234375
150 1319.6578125 13758.76015625
160 1821.76796875 15580.528125
170 2125.11875 17705.646875
180 1869.875 19575.521875
190 1925.33203125 21500.85390625
200 1310.3359375 22811.18984375
210 1585.45859375 24396.6484375
220 1053.40078125 25450.04921875
230 1332.54765625 26782.596875
240 1567.23828125 28349.83515625
250 1309.05 29658.88515625
260 679.20859375 30338.09375
270 1170.3046875 31508.3984375
280 1331.40078125 32839.79921875
288 309.0796875 33148.87890625
