0 0.9 14.55099826388889 36.42565969773707 117.51708984375 0.62890625 0 0
10 1 2.79853515625 3.094423798292088 117.51708984375 0.62890625 14.55099826388889 9
20 1.6 2.597015380859375 2.397163611774958 117.51708984375 0.620849609375 8.365491365131579 19
30 0.9 3.190456814236111 3.495761773541444 117.51708984375 0.617919921875 5.728473772321428 35
40 1 2.6599365234375 2.2621187807024934 117.51708984375 0.617919921875 5.209333939985796 44
50 0.6 2.2437744140625 2.0354403714199085 117.51708984375 0.595947265625 4.737223307291667 54
60 1.1 1.2185280539772727 1.0829589315105634 117.51708984375 0.572021484375 4.48787841796875 60
70 2.3 1.6825534986413044 1.2405952097798387 117.51708984375 0.572021484375 3.981359347491197 71
80 2.7 1.9217574508101847 1.507718492519669 117.51708984375 0.572021484375 3.418885575964096 94
90 1.5 1.90556640625 1.5509942542165827 117.51708984375 0.572021484375 3.0848156637396693 121
100 2.1 1.9843517485119047 1.594522486495968 117.51708984375 0.572021484375 2.954751407398897 136
110 2.3 2.406080163043478 2.0269438597713045 117.51708984375 0.572021484375 2.824952726910828 157
120 2.1 2.702543712797619 1.530463676629108 117.51708984375 0.572021484375 2.7714301215277777 180
130 4 4.306280517578125 3.869312057274122 117.51708984375 0.572021484375 2.7642330340485075 201
140 3.7 2.703732052364865 2.429276222209298 117.51708984375 0.572021484375 3.0201745250907677 241
150 6.2 2.993573588709678 2.6805487756150397 117.51708984375 0.56396484375 2.978058080879047 278
160 7.5 2.779671223958333 2.6081381691260628 117.51708984375 0.56396484375 2.9808873793658086 340
170 8.1 2.9763364438657405 2.5110398686884845 117.51708984375 0.552001953125 2.944523013930723 415
180 12 2.63670654296875 2.5602028965301855 117.51708984375 0.510009765625 2.9497183522870465 496
190 17.2 2.8484568041424416 2.6870429642100295 117.51708984375 0.510009765625 2.888742025796469 616
200 16.6 1.9272975691829832 2.0512663770815784 117.51708984375 0.510009765625 2.879948804826301 788
210 6 2.9785400390625 2.845056283989896 117.51708984375 0.510009765625 2.71418349547956 954
220 2.5 2.95373046875 3.1052595337224695 117.51708984375 0.510009765625 2.729825894508136 1014
230 1.4 2.291782924107143 2.0496701898528777 117.51708984375 0.510009765625 2.735213396294514 1039
240 1.8 4.705512152777778 3.608874927680293 117.51708984375 0.510009765625 2.729317834461064 1053
250 0 0 0 117.51708984375 0.510009765625 2.7625311843487395 1071
260 0 0 0 117.51708984375 0.510009765625 2.7625311843487395 1071
270 0 0 0 117.51708984375 0.510009765625 2.7625311843487395 1071
280 0 0 0 117.51708984375 0.510009765625 2.7625311843487395 1071
290 0 0 0 117.51708984375 0.510009765625 2.7625311843487395 1071
294 0 0 0 117.51708984375 0.510009765625 2.7625311843487395 1071
