0 0.1 6.152176128036116 0 6.152176128036116 6.152176128036116 0 0
10 0.1 2.2571148184494603 0.0 6.152176128036116 2.2571148184494603 6.152176128036116 1
20 0.1 1.27826941986234 0.0 6.152176128036116 1.27826941986234 4.204645473242788 2
30 0.1 1.0880316518298714 0.0 6.152176128036116 1.0880316518298714 3.229186788782639 3
40 0.1 1.2770137524557956 0.0 6.152176128036116 1.0880316518298714 2.693898004544447 4
50 0.1 1.0869565217391304 0.0 6.152176128036116 1.0869565217391304 2.410521154126717 5
60 0.1 0.9900990099009901 0.0 6.152176128036116 0.9900990099009901 2.189927048728786 6
70 0.1 1.089108910891089 0.0 6.152176128036116 0.9900990099009901 2.018523043181958 7
80 0.1 1.762977473065622 0.0 6.152176128036116 0.9900990099009901 1.9023462766455994 8
90 0.1 1.3793103448275863 0.0 6.152176128036116 0.9900990099009901 1.8868608540256018 9
100 0.1 1.3847675568743818 0.0 6.152176128036116 0.9900990099009901 1.8361058031058004 10
110 0.1 1.557935735150925 0.0 6.152176128036116 0.9900990099009901 1.7950750534483988 11
120 0.1 1.6666666666666667 0.0 6.152176128036116 0.9900990099009901 1.775313443590276 12
130 0.1 1.46484375 0.0 6.152176128036116 0.9900990099009901 1.766955999211537 13
140 0.1 1.5640273704789833 0.0 6.152176128036116 0.9900990099009901 1.7453765528392842 14
150 0.1 1.3725490196078431 0.0 6.152176128036116 0.9900990099009901 1.7332866073485973 15
160 0.1 1.953125 0.0 6.152176128036116 0.9900990099009901 1.7107405081148002 16
170 0.1 2.9893924783027965 0.0 6.152176128036116 0.9900990099009901 1.7249984194021648 17
180 0.1 2.3278370514064015 0.0 6.152176128036116 0.9900990099009901 1.7952425337855331 18
190 0.1 3.2803180914512926 0.0 6.152176128036116 0.9900990099009901 1.8232738241866315 19
200 0.1 4.53257790368272 0.0 6.152176128036116 0.9900990099009901 1.8961260375498648 20
210 0.1 4.568023833167826 0.0 6.152176128036116 0.9900990099009901 2.021671364508572 21
220 0.1 3.2195121951219514 0.0 6.152176128036116 0.9900990099009901 2.1374146585385385 22
230 0.1 13.457943925233645 0.0 13.457943925233645 0.9900990099009901 2.184462377520426 23
240 0.1 1.4822134387351777 0.0 13.457943925233645 0.9900990099009901 2.6541907753418097 24
250 0.1 1.6569200779727096 0.0 13.457943925233645 0.9900990099009901 2.607311681877544 25
260 0.1 1.2858555885262115 0.0 13.457943925233645 0.9900990099009901 2.570758158650435 26
270 0.1 1.083743842364532 0.0 13.457943925233645 0.9900990099009901 2.5231691745717604 27
280 0.1 1.376597836774828 0.0 13.457943925233645 0.9900990099009901 2.4717611269929307 28
290 0.1 1.556420233463035 0.0 13.457943925233645 0.9900990099009901 2.4339968756060997 29
