0 0.1 3167.26171875 0 3167.26171875 3167.26171875 0 0
10 0.1 3167.9453125 0.0 3167.9453125 3167.26171875 3167.26171875 1
20 0.1 3166.5234375 0.0 3167.9453125 3166.5234375 3167.603515625 2
30 0.1 3165.44140625 0.0 3167.9453125 3165.44140625 3167.2434895833335 3
40 0.1 3165.20703125 0.0 3167.9453125 3165.20703125 3166.79296875 4
50 0.1 3165.09765625 0.0 3167.9453125 3165.09765625 3166.47578125 5
60 0.1 3165.13671875 0.0 3167.9453125 3165.09765625 3166.24609375 6
70 0.1 3165.13671875 0.0 3167.9453125 3165.09765625 3166.0876116071427 7
80 0.1 3165.0 0.0 3167.9453125 3165.0 3165.96875 8
90 0.1 3163.9296875 0.0 3167.9453125 3163.9296875 3165.8611111111113 9
100 0.1 3164.40234375 0.0 3167.9453125 3163.9296875 3165.66796875 10
110 0.1 3163.22265625 0.0 3167.9453125 3163.22265625 3165.552911931818 11
120 0.1 3162.140625 0.0 3167.9453125 3162.140625 3165.3587239583335 12
130 0.1 3161.1875 0.0 3167.9453125 3161.1875 3165.1111778846152 13
140 0.1 3159.62109375 0.0 3167.9453125 3159.62109375 3164.8309151785716 14
150 0.1 3157.09375 0.0 3167.9453125 3157.09375 3164.48359375 15
160 0.1 3154.7578125 0.0 3167.9453125 3154.7578125 3164.021728515625 16
170 0.1 3152.1875 0.0 3167.9453125 3152.1875 3163.4767922794117 17
180 0.1 3149.9609375 0.0 3167.9453125 3149.9609375 3162.849609375 18
190 0.1 3148.7890625 0.0 3167.9453125 3148.7890625 3162.171258223684 19
200 0.1 3147.45703125 0.0 3167.9453125 3147.45703125 3161.5021484375 20
210 0.1 3146.26953125 0.0 3167.9453125 3146.26953125 3160.8333333333335 21
220 0.1 3145.3515625 0.0 3167.9453125 3145.3515625 3160.1713423295455 22
230 0.1 3145.078125 0.0 3167.9453125 3145.078125 3159.527004076087 23
240 0.1 3145.14453125 0.0 3167.9453125 3145.078125 3158.9249674479165 24
250 0.1 3145.18359375 0.0 3167.9453125 3145.078125 3158.37375 25
260 0.1 3144.9609375 0.0 3167.9453125 3144.9609375 3157.866436298077 26
270 0.1 3144.87890625 0.0 3167.9453125 3144.87890625 3157.3884548611113 27
280 0.1 3145.2890625 0.0 3167.9453125 3144.87890625 3156.9416852678573 28
290 0.1 3145.35546875 0.0 3167.9453125 3144.87890625 3156.5398706896553 29
