0 0.1 0.0 0 0.0 0.0 0 0
10 0.1 0.0 0.0 0.0 0.0 0.0 1
20 0.1 0.0 0.0 0.0 0.0 0.0 2
30 0.1 0.0 0.0 0.0 0.0 0.0 3
40 0.1 0.078125 0.0 0.078125 0.0 0.0 4
50 0.1 0.0703125 0.0 0.078125 0.0 0.015625 5
60 0.1 0.05859375 0.0 0.078125 0.0 0.024739583333333332 6
70 0.1 0.05078125 0.0 0.078125 0.0 0.029575892857142856 7
80 0.1 0.0390625 0.0 0.078125 0.0 0.0322265625 8
90 0.1 0.0390625 0.0 0.078125 0.0 0.03298611111111111 9
100 0.1 0.03125 0.0 0.078125 0.0 0.03359375 10
110 0.1 0.03125 0.0 0.078125 0.0 0.033380681818181816 11
120 0.1 0.01953125 0.0 0.078125 0.0 0.033203125 12
130 0.1 0.01953125 0.0 0.078125 0.0 0.032151442307692304 13
140 0.1 0.01953125 0.0 0.078125 0.0 0.031249999999999997 14
150 0.1 0.01171875 0.0 0.078125 0.0 0.030468749999999996 15
160 0.1 0.01171875 0.0 0.078125 0.0 0.029296874999999997 16
170 0.1 0.01171875 0.0 0.078125 0.0 0.02826286764705882 17
180 0.1 0.078125 0.0 0.078125 0.0 0.027343749999999997 18
190 0.1 0.0703125 0.0 0.078125 0.0 0.030016447368421052 19
200 0.1 0.05859375 0.0 0.078125 0.0 0.03203125 20
210 0.1 0.05078125 0.0 0.078125 0.0 0.03329613095238095 21
220 0.1 0.0390625 0.0 0.078125 0.0 0.03409090909090909 22
230 0.1 0.109375 0.0 0.109375 0.0 0.034307065217391304 23
240 0.1 0.08984375 0.0 0.109375 0.0 0.037434895833333336 24
250 0.1 0.078125 0.0 0.109375 0.0 0.03953125 25
260 0.1 0.0703125 0.0 0.109375 0.0 0.041015625 26
270 0.1 0.05859375 0.0 0.109375 0.0 0.04210069444444445 27
280 0.1 0.05078125 0.0 0.109375 0.0 0.042689732142857144 28
290 0.1 0.0390625 0.0 0.109375 0.0 0.04296875 29
