0 2 134.89705810546874 131.9143436142482 384.375 17.760986328125 0 0
10 3 1317.6915771484375 1348.4564054545176 5139.7060546875 17.760986328125 134.89705810546874 20
20 6.9 1756.4819902060688 1415.4737445177143 7279.911865234375 17.760986328125 844.57376953125 50
30 6.5 1533.0507173978365 1528.915203453085 7279.911865234375 17.760986328125 1373.3272756368171 119
40 6 1270.9708658854165 1447.8468657291467 7279.911865234375 17.760986328125 1429.7513175632644 184
50 6.1 512.3503017738215 946.5775876533255 7279.911865234375 12.180908203125 1390.7069441998592 244
60 2.8 184.84615652901786 217.91438706061533 7279.911865234375 12.180908203125 1215.0356157146516 305
70 9.9 583.1631451231062 707.0510894138506 7279.911865234375 12.180908203125 1128.4130786059497 333
80 8.9 1225.9314540905898 962.3806992194882 7279.911865234375 12.180908203125 1003.4599688494646 432
90 8.3 2475.709481480609 1450.4388938615562 7630.218994140625 12.180908203125 1041.4637350422865 521
100 8.5 2535.827955537683 1385.9327015974334 8139.262939453125 12.180908203125 1238.5537962250362 604
110 7.7 3474.2397968242694 1608.8176759034513 8569.625 12.180908203125 1398.5948753855225 689
120 9.8 4485.609193140147 2244.877566251427 11835.748046875 12.180908203125 1607.2432552168325 766
130 7.5 5387.301569010415 2512.1379399474654 13126.369873046875 12.180908203125 1933.7245768794307 864
140 8.2 8471.8210836271 3261.5882703008674 21170.153076171875 12.180908203125 2209.5693845576243 939
150 22.2 4476.037026895058 4668.924492203378 21170.153076171875 0.659912109375 2712.512224247827 1021
160 37.2 2190.2244951801886 4299.0307447552705 23516.00390625 0.6259765625 3027.4780377536076 1243
170 45.7 2862.141226002632 4981.612240649394 24837.76708984375 0.625 2834.624590176325 1615
180 54.3 1891.0358769819004 3808.8334998723108 29259.535888671875 0.625 2840.693655124501 2072
190 79.3 1594.0734499995062 3370.1166266572295 29259.535888671875 0.625 2643.4989424929786 2615
200 84.2 1177.1999059391721 2868.461177823177 29259.535888671875 0.60595703125 2399.3104402783883 3408
210 61.4 1542.5873311692033 3003.9287085856286 29259.535888671875 0.60595703125 2157.188776769301 4250
220 23.4 4583.922900599292 3953.5419275830764 29259.535888671875 0.60595703125 2079.6054528386967 4864
230 11.9 7049.76755555738 2981.2272244008873 29259.535888671875 0.60595703125 2194.5545079144085 5098
240 9 8531.592974175348 4410.59345009308 29259.535888671875 0.60595703125 2305.3021315811734 5217
250 8.4 9072.11464727492 4669.688964994399 29259.535888671875 0.60595703125 2410.8921402175924 5307
260 5.7 8501.577863726701 4693.088522668635 29259.535888671875 0.60595703125 2514.684143666455 5391
270 4.3 9407.318813590115 4710.353326012981 29259.535888671875 0.60595703125 2577.3223488873496 5448
280 3.5 9355.077559988838 4099.827936674613 29259.535888671875 0.60595703125 2630.8080250815256 5491
290 2.4 6563.578674316406 4078.1164059305547 29259.535888671875 0.60595703125 2673.3974991535047 5526
294 0 0 0 29259.535888671875 0.60595703125 2690.2199042352904 5550
