10 0.1 379 0 379 379 0 0
20 0.1 635.0 0.0 635 379 379.0 1
30 0.1 1354.0 0.0 1354 379 507.0 2
40 0.1 1236.0 0.0 1354 379 789.3333333333334 3
50 0.1 1067.0 0.0 1354 379 901.0 4
60 0.1 910.0 0.0 1354 379 934.2 5
70 0.1 693.0 0.0 1354 379 930.1666666666666 6
80 0.1 1778.0 0.0 1778 379 896.2857142857143 7
90 0.1 1609.0 0.0 1778 379 1006.5 8
100 0.1 1615.0 0.0 1778 379 1073.4444444444443 9
110 0.1 1573.0 0.0 1778 379 1127.6 10
120 0.1 1278.0 0.0 1778 379 1168.090909090909 11
130 0.1 1619.0 0.0 1778 379 1177.25 12
140 0.1 1406.0 0.0 1778 379 1211.2307692307693 13
150 0.1 1694.0 0.0 1778 379 1225.142857142857 14
160 0.1 2378.0 0.0 2378 379 1256.4 15
170 0.1 2398.0 0.0 2398 379 1326.5 16
180 0.1 2874.0 0.0 2874 379 1389.5294117647059 17
190 0.1 2884.0 0.0 2884 379 1472.0 18
200 0.1 4343.0 0.0 4343 379 1546.3157894736842 19
210 0.1 4437.0 0.0 4437 379 1686.15 20
220 0.1 3362.0 0.0 4437 379 1817.142857142857 21
230 0.1 2770.0 0.0 4437 379 1887.3636363636363 22
240 0.1 1477.0 0.0 4437 379 1925.7391304347825 23
250 0.1 1691.0 0.0 4437 379 1907.0416666666667 24
260 0.1 1327.0 0.0 4437 379 1898.4 25
270 0.1 973.0 0.0 4437 379 1876.423076923077 26
280 0.1 985.0 0.0 4437 379 1842.962962962963 27
290 0.1 913.0 0.0 4437 379 1812.3214285714287 28
