0 2.2 125.78837446732955 124.1503629303572 384.375 17.760986328125 0 0
10 4.2 1033.9483584449404 1101.8491631842421 4430.116943359375 17.760986328125 125.78837446732955 22
20 8.6 1380.9558644849203 1066.7495383628675 5848.384033203125 17.760986328125 721.7683639526366 64
30 8.7 1127.7705330684269 1135.814904058499 6396.788818359375 17.760986328125 1099.7025309244793 150
40 8.6 886.7102476607921 1216.9421494885653 6396.788818359375 17.760986328125 1110.005974749473 237
50 7.5 416.7030338541667 815.8905529970426 6396.788818359375 11.47802734375 1050.552623264561 323
60 3.7 139.8738452808277 185.47019800656682 6396.788818359375 11.47802734375 931.1086051595871 398
70 12.2 473.21352699154716 507.03088557871104 6396.788818359375 11.47802734375 863.8081773078306 435
80 11.3 977.1983761407632 661.5441506308878 6396.788818359375 11.47802734375 778.2560276873879 557
90 10.3 2122.979203011224 1154.448138733084 6396.788818359375 11.47802734375 811.8089909340018 670
100 10.8 2062.3285319010415 799.7551457246838 6396.788818359375 11.47802734375 986.5186052211349 773
110 10.1 2742.3126401995673 889.9382877614138 6648.10791015625 11.47802734375 1118.3999583215093 881
120 13 3459.08780423678 1245.0371250226292 8245.47802734375 11.47802734375 1285.4215274352403 982
130 10 4405.9296362304685 1151.4230983168075 8245.47802734375 11.47802734375 1539.5371892915355 1112
140 10.5 7013.634128534226 1113.7300214033642 11702.429931640625 11.47802734375 1776.038216266695 1212
150 27.6 3505.3192200591598 3572.856655098348 13943.35986328125 0.06591796875 2193.6142001604617 1317
160 47.1 1889.6900248598404 3662.967026741138 13943.35986328125 0.06591796875 2420.877593438579 1593
170 56.7 2333.676358231373 3775.454943185709 14644.64208984375 0.06591796875 2299.6618256088377 2064
180 68 1456.9171099494472 2647.6924287699653 14644.64208984375 0.06591796875 2306.9922094921435 2631
190 101.9 1169.5803996526904 2375.2956646139805 14644.64208984375 0.06591796875 2132.4071694169297 3311
200 108.2 966.2336685265276 2304.255314030501 14644.64208984375 0.06396484375 1905.8204538534746 4330
210 81 1208.0614746093745 2220.784888614353 14644.64208984375 0.06396484375 1717.972541487666 5412
220 31.7 3417.074358148904 2148.8042124592876 14644.64208984375 0.06396484375 1651.5906764649376 6222
230 16.2 5380.201467255016 594.6757533151683 14644.64208984375 0.06396484375 1737.1784310289104 6539
240 12.4 6080.07711890436 1011.7005398858787 14644.64208984375 0.06396484375 1825.2503205780267 6701
250 10.3 6463.040460975425 1099.9521977707323 14644.64208984375 0.06396484375 1902.5541334706957 6825
260 8 6081.70728149414 1216.022110201764 14644.64208984375 0.06396484375 1970.3558210764963 6928
270 6.5 6046.172081580529 1784.9855616799996 14644.64208984375 0.06396484375 2017.2890569260128 7008
280 5.5 5416.146031605113 1401.3427199702792 14644.64208984375 0.06396484375 2054.313996358014 7073
290 3.3 3109.1314586292606 2640.83458847015 14644.64208984375 0.06396484375 2080.2540583583773 7128
294 0 0 0 14644.64208984375 0.06396484375 2084.995428866538 7161
