10 0.1 276 0 276 276 0 0
20 0.1 359.0 0.0 359 276 276.0 1
30 0.1 907.0 0.0 907 276 317.5 2
40 0.1 755.0 0.0 907 276 514.0 3
50 0.1 672.0 0.0 907 276 574.25 4
60 0.1 509.0 0.0 907 276 593.8 5
70 0.1 498.0 0.0 907 276 579.6666666666666 6
80 0.1 1108.0 0.0 1108 276 568.0 7
90 0.1 1016.0 0.0 1108 276 635.5 8
100 0.1 1029.0 0.0 1108 276 677.7777777777778 9
110 0.1 987.0 0.0 1108 276 712.9 10
120 0.1 851.0 0.0 1108 276 737.8181818181819 11
130 0.1 1041.0 0.0 1108 276 747.25 12
140 0.1 860.0 0.0 1108 276 769.8461538461538 13
150 0.1 1074.0 0.0 1108 276 776.2857142857143 14
160 0.1 1710.0 0.0 1710 276 796.1333333333333 15
170 0.1 2020.0 0.0 2020 276 853.25 16
180 0.1 2370.0 0.0 2370 276 921.8823529411765 17
190 0.1 2735.0 0.0 2735 276 1002.3333333333334 18
200 0.1 4063.0 0.0 4063 276 1093.5263157894738 19
210 0.1 4030.0 0.0 4063 276 1242.0 20
220 0.1 2742.0 0.0 4063 276 1374.7619047619048 21
230 0.1 1778.0 0.0 4063 276 1436.909090909091 22
240 0.1 944.0 0.0 4063 276 1451.7391304347825 23
250 0.1 985.0 0.0 4063 276 1430.5833333333333 24
260 0.1 791.0 0.0 4063 276 1412.76 25
270 0.1 567.0 0.0 4063 276 1388.8461538461538 26
280 0.1 492.0 0.0 4063 276 1358.4074074074074 27
290 0.1 410.0 0.0 4063 276 1327.4642857142858 28
