0 0.1 4101.1240234375 0 4101.1240234375 4101.1240234375 0 0
10 0.2 3961.20751953125 729.588623046875 4690.796142578125 3231.618896484375 4101.1240234375 1
20 0.8 14500.38168334961 5054.919994522991 21008.35791015625 3231.618896484375 4007.8463541666665 3
30 1.5 18175.313216145834 4690.949168177763 27141.407958984375 3231.618896484375 11638.781139026989 11
40 1.5 15703.618033854167 4421.034055213347 27141.407958984375 3231.618896484375 15409.857337364783 26
50 1.4 10435.604248046875 5637.346481199284 27141.407958984375 1814.69384765625 15517.33076290968 41
60 0.5 12314.8521484375 4490.584153517454 27141.407958984375 1814.69384765625 14223.800377308238 55
70 1.1 9889.915216619318 7115.4311317566435 30820.698974609375 1814.69384765625 14064.721358235676 60
80 1.4 10957.103637695313 4461.6593457888 30820.698974609375 1814.69384765625 13417.920406717649 71
90 1.5 16839.566927083335 4082.6925573650683 30820.698974609375 1814.69384765625 13012.609409466912 85
100 1.6 18055.773498535156 5019.381280403588 30820.698974609375 1814.69384765625 13586.653037109376 100
110 0.9 25276.706434461805 6609.723010089791 33976.776123046875 1814.69384765625 14203.083445581897 116
120 1.4 25008.319004603796 4457.0303992768995 38261.321044921875 1814.69384765625 15000.38430078125 125
130 1.2 28509.649495442707 6068.298183758111 39766.080810546875 1814.69384765625 16008.377724187838 139
140 1.5 36225.30950520833 9456.526368045692 54913.048095703125 1814.69384765625 17001.85627554584 151
150 2.7 28319.069462528936 12637.95977998938 54913.048095703125 349.7900390625 18738.91530232257 166
160 5 21834.01171386719 15625.586413956771 68099.9638671875 142.282958984375 20079.14412266232 193
170 6.7 22575.051174790115 15513.496314616927 68099.9638671875 142.282958984375 20440.22798916538 243
180 10.9 22124.860582264184 13772.981980879724 68587.0859375 29.623779296875 20901.625258316533 310
190 13.5 18249.76451099537 14450.004663417658 68587.0859375 29.623779296875 21219.84160750578 419
200 15.4 13813.871100091317 10160.549529652644 69652.04296875 29.623779296875 20496.086358356133 554
210 14.4 14901.950012207031 9287.653417945854 71377.02587890625 29.623779296875 19042.61015811209 708
220 6.3 22882.915957496283 9374.507976587724 71377.02587890625 29.623779296875 18342.78027429715 852
230 4.2 29514.31600516183 7976.75132240549 71377.02587890625 29.623779296875 18655.379780353484 915
240 2.9 35837.10414702319 7083.84516579257 71377.02587890625 29.623779296875 19131.947514357613 957
250 1.9 42852.11000462582 6611.9367716079605 71377.02587890625 29.623779296875 19623.275650612482 986
260 1.5 45675.959798177086 9113.140695561693 71377.02587890625 29.623779296875 20062.42774287741 1005
270 1.4 49417.49862234933 12111.028329028235 73459.17211914063 29.623779296875 20439.097331925936 1020
280 1.6 52214.77682495117 9870.100408849483 73459.17211914063 29.623779296875 20831.45479620633 1034
290 1.8 53510.94708930122 5062.896158976985 73459.17211914063 29.623779296875 21309.676846168153 1050
294 0 0 0 73459.17211914063 29.623779296875 21852.394883973768 1068
