0 6.94453125 6.94453125
10 20.6703125 27.61484375
20 40.7265625 68.34140625
30 38.4671875 106.80859375
40 38.96640625 145.775
50 32.23046875 178.00546875
60 15.31171875 193.3171875
70 53.53046875 246.84765625
80 51.221875 298.06953125
90 45.6078125 343.67734375
100 45.4171875 389.09453125
110 50.453125 439.54765625
120 56.21875 495.76640625
130 52.471875 548.23828125
140 43.43203125 591.6703125
150 96.59921875 688.26953125
160 135.746875 824.01640625
170 171.340625 995.35703125
180 194.5875 1189.94453125
190 258.4109375 1448.35546875
200 269.81953125 1718.175
210 234.63828125 1952.81328125
220 130.7140625 2083.52734375
230 67.096875 2150.62421875
240 54.6796875 2205.30390625
250 40.75078125 2246.0546875
260 37.00234375 2283.05703125
270 33.39921875 2316.45625
280 26.03828125 2342.49453125
290 9.83828125 2352.3328125
294 0 2352.3328125
