0 292.53828125 292.53828125
10 393.83203125 686.3703125
20 1029.8671875 1716.2375
30 1002.8828125 2719.1203125
40 994.79609375 3713.91640625
50 775.2359375 4489.15234375
60 452.875 4942.02734375
70 1460.1828125 6402.21015625
80 1297.26875 7699.47890625
90 1143.38203125 8842.8609375
100 1303.69765625 10146.55859375
110 1081.30390625 11227.8625
120 1079.41640625 12307.27890625
130 1164.22265625 13471.5015625
140 1327.40546875 14798.90703125
150 1855.39375 16654.30078125
160 1417.6140625 18071.91484375
170 1787.3375 19859.25234375
180 1851.03984375 21710.2921875
190 2308.5953125 24018.8875
200 2566.425 26585.3125
210 2232.96875 28818.28125
220 2103.165625 30921.446875
230 1489.30859375 32410.75546875
240 1434.1875 33844.94296875
250 981.671875 34826.61484375
260 896.8015625 35723.41640625
270 818.0484375 36541.46484375
280 971.421875 37512.88671875
290 605.75625 38118.64296875
294 0 38118.64296875
