0 1 11.5526611328125 32.25023896902284 108.302978515625 0.64794921875 0 0
10 1.2 0.7294718424479166 0.08054121503441848 108.302978515625 0.594970703125 11.5526611328125 10
20 0.6 0.7423502604166666 0.03788893303693011 108.302978515625 0.594970703125 5.649103338068182 22
30 0.6 0.7790120442708334 0.04880460384540781 108.302978515625 0.594970703125 4.59765625 28
40 1 0.7471435546875 0.04280503730053118 108.302978515625 0.594970703125 3.9237778607536766 34
50 0.4 0.813232421875 0.041144395956050406 108.302978515625 0.594970703125 3.201815518465909 44
60 1.8 0.7058376736111112 0.062423918770513495 108.302978515625 0.572021484375 3.0027669270833335 48
70 0.8 0.77862548828125 0.12731071874583139 108.302978515625 0.572021484375 2.3763316761363638 66
80 1.9 0.7271407277960527 0.09469450651622302 108.302978515625 0.544921875 2.20360668285473 74
90 2 0.74698486328125 0.09165512747456005 108.302978515625 0.544921875 1.9019631006384408 93
100 2 0.76182861328125 0.14210065505593553 108.302978515625 0.544921875 1.6975421736725664 113
110 2.3 1.0108164911684783 0.4066749279135779 108.302978515625 0.544921875 1.5568333675986843 133
120 4.2 0.7848597935267857 0.14911152043536854 108.302978515625 0.544921875 1.4763308794070513 156
130 5 0.888505859375 1.1283030566929324 108.302978515625 0.5400390625 1.3296551945233586 198
140 3.2 0.78118896484375 0.312714098068834 108.302978515625 0.534912109375 1.2407137963079637 248
150 5.8 0.7362986597521551 0.0955622031076991 108.302978515625 0.534912109375 1.1881966727120536 280
160 8.3 0.7858239599021084 0.8571462445664847 108.302978515625 0.513916015625 1.1106520432692308 338
170 8.5 0.6968319163602941 0.13657248166671912 108.302978515625 0.511962890625 1.0466123023678742 421
180 13.7 0.7112956917198904 0.33416877137863 108.302978515625 0.511962890625 0.9878547276432806 506
190 16.4 0.6795877596227133 0.12334166635789696 108.302978515625 0.511962890625 0.928930018589619 643
200 17 0.6526927274816171 0.12789164607881703 108.302978515625 0.510009765625 0.8782582336198885 807
210 3.4 0.6354406020220589 0.07253807293701171 108.302978515625 0.510009765625 0.8390093738005372 977
220 1.5 0.7622884114583334 0.1803222869267953 108.302978515625 0.510009765625 0.8321633419108555 1011
230 1.6 0.6975250244140625 0.1115408243749028 108.302978515625 0.510009765625 0.831141778600146 1026
240 2.1 0.7271205357142857 0.19248466044360152 108.302978515625 0.510009765625 0.8290900817988243 1042
250 0 0 0 108.302978515625 0.510009765625 0.827075631688029 1063
260 0 0 0 108.302978515625 0.510009765625 0.827075631688029 1063
268 0 0 0 108.302978515625 0.510009765625 0.827075631688029 1063
