0 0.1 2.7777721369899178 0 2.7777721369899178 2.7777721369899178 0 0
10 0.1 2.171767028627838 0.0 2.7777721369899178 2.171767028627838 2.7777721369899178 1
20 0.1 1.1892963330029733 0.0 2.7777721369899178 1.1892963330029733 2.474769582808878 2
30 0.1 1.0912698412698412 0.0 2.7777721369899178 1.0912698412698412 2.046278499540243 3
40 0.1 0.9910802775024776 0.0 2.7777721369899178 0.9910802775024776 1.8075263349726425 4
50 0.1 1.1892963330029733 0.0 2.7777721369899178 0.9910802775024776 1.6442371234786095 5
60 0.1 1.0880316518298714 0.0 2.7777721369899178 0.9910802775024776 1.5684136583993367 6
70 0.1 1.0923535253227408 0.0 2.7777721369899178 0.9910802775024776 1.4997876574608415 7
80 0.1 0.9930486593843099 0.0 2.7777721369899178 0.9910802775024776 1.448858390943579 8
90 0.1 1.2935323383084576 0.0 2.7777721369899178 0.9910802775024776 1.3982128652147714 9
100 0.1 1.5873015873015872 0.0 2.7777721369899178 0.9910802775024776 1.38774481252414 10
110 0.1 1.6881827209533267 0.0 2.7777721369899178 0.9910802775024776 1.405886337503908 11
120 0.1 1.5904572564612325 0.0 2.7777721369899178 0.9910802775024776 1.4294110361246928 12
130 0.1 2.0060180541624875 0.0 2.7777721369899178 0.9910802775024776 1.4417992069198111 13
140 0.1 2.3952095808383236 0.0 2.7777721369899178 0.9910802775024776 1.482100553151431 14
150 0.1 2.1999999999999997 0.0 2.7777721369899178 0.9910802775024776 1.5429744883305572 15
160 0.1 2.3046092184368736 0.0 2.7777721369899178 0.9910802775024776 1.5840385828098973 16
170 0.1 2.1169354838709675 0.0 2.7777721369899178 0.9910802775024776 1.6264250907879547 17
180 0.1 3.4378159757330633 0.0 3.4378159757330633 0.9910802775024776 1.6536756681814555 18
190 0.1 4.294478527607362 0.0 4.294478527607362 0.9910802775024776 1.7475777896315403 19
200 0.1 4.634397528321318 0.0 4.634397528321318 0.9910802775024776 1.8749228265303313 20
210 0.1 5.623721881390593 0.0 5.623721881390593 0.9910802775024776 2.0063263837584735 21
220 0.1 3.5317860746720484 0.0 5.623721881390593 0.9910802775024776 2.170753451832661 22
230 0.1 1.9900497512437811 0.0 5.623721881390593 0.9910802775024776 2.2299287832604606 23
240 0.1 1.691542288557214 0.0 5.623721881390593 0.9910802775024776 2.219933823593099 24
250 0.1 1.6865079365079365 0.0 5.623721881390593 0.9910802775024776 2.198798162191664 25
260 0.1 0.8902077151335311 0.0 5.623721881390593 0.8902077151335311 2.179094691973059 26
268 0.1 0.8893280632411068 0.0 5.623721881390593 0.8893280632411068 2.1313581372752983 27
