0 0.1 7.7401256017086935 0 7.7401256017086935 7.7401256017086935 0 0
10 0.1 1.8682399213372665 0.0 7.7401256017086935 1.8682399213372665 7.7401256017086935 1
20 0.1 1.5701668302257115 0.0 7.7401256017086935 1.5701668302257115 4.80418276152298 2
30 0.1 1.477832512315271 0.0 7.7401256017086935 1.477832512315271 3.7261774510905568 3
40 0.1 1.4822134387351777 0.0 7.7401256017086935 1.477832512315271 3.164091216396735 4
50 0.1 1.3738959764474974 0.0 7.7401256017086935 1.3738959764474974 2.8277156608644236 5
60 0.1 1.4605647517039921 0.0 7.7401256017086935 1.3738959764474974 2.5854123801282696 6
70 0.1 1.3725490196078431 0.0 7.7401256017086935 1.3725490196078431 2.424719861781944 7
80 0.1 1.550387596899225 0.0 7.7401256017086935 1.3725490196078431 2.293198506510181 8
90 0.1 1.1869436201780417 0.0 7.7401256017086935 1.1869436201780417 2.2106639609978527 9
100 0.1 1.8627450980392157 0.0 7.7401256017086935 1.1869436201780417 2.1082919269158715 10
110 0.1 1.1776251226692835 0.0 7.7401256017086935 1.1776251226692835 2.0859694879270845 11
120 0.1 1.8590998043052838 0.0 7.7401256017086935 1.1776251226692835 2.010274124155601 12
130 0.1 1.4895729890764648 0.0 7.7401256017086935 1.1776251226692835 1.9986453303209613 13
140 0.1 1.8737672583826428 0.0 7.7401256017086935 1.1776251226692835 1.9622830202320685 14
150 0.1 1.826923076923077 0.0 7.7401256017086935 1.1776251226692835 1.9563819694421067 15
160 0.1 1.8446601941747571 0.0 7.7401256017086935 1.1776251226692835 1.9482907886596674 16
170 0.1 3.0018761726078798 0.0 7.7401256017086935 1.1776251226692835 1.9421948713370256 17
180 0.1 3.5171102661596962 0.0 7.7401256017086935 1.1776251226692835 2.0010660547409618 18
190 0.1 2.8019323671497585 0.0 7.7401256017086935 1.1776251226692835 2.080857855341948 19
200 0.1 3.3980582524271843 0.0 7.7401256017086935 1.1776251226692835 2.1169115809323387 20
210 0.1 3.645320197044335 0.0 7.7401256017086935 1.1776251226692835 2.177918565289236 21
220 0.1 3.065134099616858 0.0 7.7401256017086935 1.1776251226692835 2.244618639459922 22
230 0.1 2.321083172147002 0.0 7.7401256017086935 1.1776251226692835 2.2802932246841365 23
240 0.1 1.650485436893204 0.0 7.7401256017086935 1.1776251226692835 2.281992805828423 24
250 0.1 1.4895729890764648 0.0 7.7401256017086935 1.1776251226692835 2.256732511071014 25
258 0.1 1.36986301369863 0.0 7.7401256017086935 1.1776251226692835 2.227226375609685 26
