0 0.1 3169.1328125 0 3169.1328125 3169.1328125 0 0
10 0.1 3168.1796875 0.0 3169.1328125 3168.1796875 3169.1328125 1
20 0.1 3165.67578125 0.0 3169.1328125 3165.67578125 3168.65625 2
30 0.1 3165.73828125 0.0 3169.1328125 3165.67578125 3167.6627604166665 3
40 0.1 3165.62109375 0.0 3169.1328125 3165.62109375 3167.181640625 4
50 0.1 3165.546875 0.0 3169.1328125 3165.546875 3166.86953125 5
60 0.1 3165.71484375 0.0 3169.1328125 3165.546875 3166.6490885416665 6
70 0.1 3165.55078125 0.0 3169.1328125 3165.546875 3166.515625 7
80 0.1 3164.125 0.0 3169.1328125 3164.125 3166.39501953125 8
90 0.1 3162.5625 0.0 3169.1328125 3162.5625 3166.1427951388887 9
100 0.1 3162.23828125 0.0 3169.1328125 3162.23828125 3165.784765625 10
110 0.1 3160.76171875 0.0 3169.1328125 3160.76171875 3165.4623579545455 11
120 0.1 3159.44921875 0.0 3169.1328125 3159.44921875 3165.0706380208335 12
130 0.1 3156.91796875 0.0 3169.1328125 3156.91796875 3164.638221153846 13
140 0.1 3151.96484375 0.0 3169.1328125 3151.96484375 3164.0867745535716 14
150 0.1 3149.08203125 0.0 3169.1328125 3149.08203125 3163.2786458333335 15
160 0.1 3148.33203125 0.0 3169.1328125 3148.33203125 3162.391357421875 16
170 0.1 3136.95703125 0.0 3169.1328125 3136.95703125 3161.564338235294 17
180 0.1 3129.8984375 0.0 3169.1328125 3129.8984375 3160.197265625 18
190 0.1 3128.92578125 0.0 3169.1328125 3128.92578125 3158.6025904605262 19
200 0.1 3128.9453125 0.0 3169.1328125 3128.92578125 3157.11875 20
210 0.1 3128.76953125 0.0 3169.1328125 3128.76953125 3155.7771577380954 21
220 0.1 3127.91796875 0.0 3169.1328125 3127.91796875 3154.5495383522725 22
230 0.1 3127.734375 0.0 3169.1328125 3127.734375 3153.391644021739 23
240 0.1 3128.93359375 0.0 3169.1328125 3127.734375 3152.3225911458335 24
250 0.1 3140.32421875 0.0 3169.1328125 3127.734375 3151.38703125 25
260 0.1 3140.3828125 0.0 3169.1328125 3127.734375 3150.9615384615386 26
268 0.1 3140.4296875 0.0 3169.1328125 3127.734375 3150.569733796296 27
