0 0.1 3167.5625 0 3167.5625 3167.5625 0 0
10 0.1 3165.72265625 0.0 3167.5625 3165.72265625 3167.5625 1
20 0.1 3166.56640625 0.0 3167.5625 3165.72265625 3166.642578125 2
30 0.1 3164.171875 0.0 3167.5625 3164.171875 3166.6171875 3
40 0.1 3164.0625 0.0 3167.5625 3164.0625 3166.005859375 4
50 0.1 3163.70703125 0.0 3167.5625 3163.70703125 3165.6171875 5
60 0.1 3163.609375 0.0 3167.5625 3163.609375 3165.298828125 6
70 0.1 3163.359375 0.0 3167.5625 3163.359375 3165.0574776785716 7
80 0.1 3158.52734375 0.0 3167.5625 3158.52734375 3164.84521484375 8
90 0.1 3158.515625 0.0 3167.5625 3158.515625 3164.1432291666665 9
100 0.1 3157.58984375 0.0 3167.5625 3157.58984375 3163.58046875 10
110 0.1 3158.53515625 0.0 3167.5625 3157.58984375 3163.0358664772725 11
120 0.1 3158.4375 0.0 3167.5625 3157.58984375 3162.6608072916665 12
130 0.1 3155.1796875 0.0 3167.5625 3155.1796875 3162.3359375 13
140 0.1 3150.70703125 0.0 3167.5625 3150.70703125 3161.824776785714 14
150 0.1 3144.31640625 0.0 3167.5625 3144.31640625 3161.08359375 15
160 0.1 3135.1875 0.0 3167.5625 3135.1875 3160.03564453125 16
170 0.1 3130.8984375 0.0 3167.5625 3130.8984375 3158.5739889705883 17
180 0.1 3131.37109375 0.0 3167.5625 3130.8984375 3157.0364583333335 18
190 0.1 3132.00390625 0.0 3167.5625 3130.8984375 3155.6856496710525 19
200 0.1 3132.78515625 0.0 3167.5625 3130.8984375 3154.5015625 20
210 0.1 3133.078125 0.0 3167.5625 3130.8984375 3153.4674479166665 21
220 0.1 3130.73828125 0.0 3167.5625 3130.73828125 3152.5406605113635 22
230 0.1 3129.33984375 0.0 3167.5625 3129.33984375 3151.592730978261 23
240 0.1 3129.55859375 0.0 3167.5625 3129.33984375 3150.66552734375 24
250 0.1 3129.984375 0.0 3167.5625 3129.33984375 3149.82125 25
258 0.1 3131.796875 0.0 3167.5625 3129.33984375 3149.058293269231 26
