0 0.1 0.33984375 0 0.33984375 0.33984375 0 0
10 0.1 0.2890625 0.0 0.33984375 0.2890625 0.33984375 1
20 0.1 0.23828125 0.0 0.33984375 0.23828125 0.314453125 2
30 0.1 0.19921875 0.0 0.33984375 0.19921875 0.2890625 3
40 0.1 0.171875 0.0 0.33984375 0.171875 0.2666015625 4
50 0.1 0.1484375 0.0 0.33984375 0.1484375 0.24765625 5
60 0.1 0.12109375 0.0 0.33984375 0.12109375 0.23111979166666666 6
70 0.1 0.109375 0.0 0.33984375 0.109375 0.21540178571428573 7
80 0.1 0.08984375 0.0 0.33984375 0.08984375 0.2021484375 8
90 0.1 0.078125 0.0 0.33984375 0.078125 0.1896701388888889 9
100 0.1 0.05859375 0.0 0.33984375 0.05859375 0.178515625 10
110 0.1 0.05078125 0.0 0.33984375 0.05078125 0.16761363636363635 11
120 0.1 0.05078125 0.0 0.33984375 0.05078125 0.15787760416666666 12
130 0.1 0.0390625 0.0 0.33984375 0.0390625 0.14963942307692307 13
140 0.1 0.03125 0.0 0.33984375 0.03125 0.14174107142857142 14
150 0.1 0.03125 0.0 0.33984375 0.03125 0.134375 15
160 0.1 0.01953125 0.0 0.33984375 0.01953125 0.1279296875 16
170 0.1 0.01953125 0.0 0.33984375 0.01953125 0.12155330882352941 17
180 0.1 0.01953125 0.0 0.33984375 0.01953125 0.11588541666666667 18
190 0.1 0.01171875 0.0 0.33984375 0.01171875 0.1108141447368421 19
200 0.1 0.01171875 0.0 0.33984375 0.01171875 0.105859375 20
210 0.1 0.01171875 0.0 0.33984375 0.01171875 0.1013764880952381 21
220 0.1 0.01171875 0.0 0.33984375 0.01171875 0.09730113636363637 22
230 0.1 0.01171875 0.0 0.33984375 0.01171875 0.09358016304347826 23
240 0.1 0.01171875 0.0 0.33984375 0.01171875 0.09016927083333333 24
250 0.1 0.01171875 0.0 0.33984375 0.01171875 0.08703125 25
260 0.1 0.0 0.0 0.33984375 0.0 0.08413461538461539 26
268 0.1 0.0 0.0 0.33984375 0.0 0.08101851851851852 27
