0 2.6 155.37676532451925 104.27555364384601 372.52294921875 8.197998046875 0 0
10 5.3 133.89590857163918 153.9482508496404 643.35986328125 7.764892578125 155.37676532451925 26
20 5 101.9722265625 95.00545034399603 643.35986328125 6.632080078125 140.96555762954907 79
30 3.7 117.09054977829392 107.79158220503145 643.35986328125 6.632080078125 125.85186341751455 129
40 5.3 77.16221992924527 72.32821377700925 643.35986328125 6.632080078125 123.89904049792922 166
50 3 126.9227945963542 117.02223545036104 643.35986328125 6.632080078125 112.58830310002854 219
60 5.4 128.46400282118051 108.76392453958319 643.35986328125 6.447021484375 114.31535026826054 249
70 6.9 78.75188589787138 73.40379751077292 643.35986328125 6.447021484375 116.8368923073948 303
80 9.6 106.80873362223308 111.4554082371293 643.35986328125 6.447021484375 109.77273789272513 372
90 9 167.33145073784726 163.20074589633822 676.558837890625 6.447021484375 109.16473701672676 468
100 11.5 134.1085873811141 147.89067498657073 676.558837890625 6.447021484375 118.54646503626232 558
110 11.5 126.12789572010873 137.0755130603461 676.558837890625 6.447021484375 121.20566870588782 673
120 16.1 412.0519776907025 399.7938985435513 1868.051025390625 6.447021484375 121.9240140188769 788
130 18.9 855.6706245866402 470.35528264970617 2464.19091796875 6.447021484375 171.14488035308545 949
140 23.8 1218.1223544593613 543.6154254825545 3003.697998046875 6.447021484375 284.8314934112066 1138
150 17.4 1170.9387894553697 635.317004717874 3250.404052734375 6.447021484375 446.2582557145939 1376
160 19.3 3350.289672219074 1301.2949888050844 7222.451904296875 0.760986328125 527.6094898248487 1550
170 45.5 2400.6537527901774 2351.6573930667987 8570.677001953125 0.626953125 840.1609959648862 1743
180 63 1595.2606038411461 1982.8190532713295 8570.677001953125 0.626953125 1163.1929360720324 2198
190 89.2 1254.5724829430014 1881.1119291978446 8570.677001953125 0.613037109375 1259.445634337429 2828
200 95.4 1083.5538775366047 1599.3938466576574 8570.677001953125 0.589111328125 1258.2771259923136 3720
210 64.5 1595.0309195585037 1300.8267205918758 8570.677001953125 0.589111328125 1222.6147428030224 4674
220 26.3 1784.724476629337 501.4515413773991 8570.677001953125 0.589111328125 1267.7751928889948 5319
230 16.5 1132.4732037168558 1022.0887967554412 8570.677001953125 0.589111328125 1292.1316353153134 5582
240 12.5 114.70384570312505 122.3047492025735 8570.677001953125 0.589111328125 1287.5477408984445 5747
250 5.2 79.63587364783656 78.3509803054544 8570.677001953125 0.589111328125 1262.5808664264734 5872
260 0.7 91.32655552455357 66.49638904078334 8570.677001953125 0.589111328125 1252.1971494068096 5924
268 0.1 135.39892578125 0.0 8570.677001953125 0.589111328125 1250.8270441703949 5931
