10 0.1 578 0 578 578 0 0
20 0.1 589.0 0.0 589 578 578.0 1
30 0.1 1313.0 0.0 1313 578 583.5 2
40 0.1 1460.0 0.0 1460 578 826.6666666666666 3
50 0.1 1274.0 0.0 1460 578 985.0 4
60 0.1 1226.0 0.0 1460 578 1042.8 5
70 0.1 1277.0 0.0 1460 578 1073.3333333333333 6
80 0.1 2071.0 0.0 2071 578 1102.4285714285713 7
90 0.1 1735.0 0.0 2071 578 1223.5 8
100 0.1 1633.0 0.0 2071 578 1280.3333333333333 9
110 0.1 1342.0 0.0 2071 578 1315.6 10
120 0.1 1776.0 0.0 2071 578 1318.0 11
130 0.1 2135.0 0.0 2135 578 1356.1666666666667 12
140 0.1 2610.0 0.0 2610 578 1416.076923076923 13
150 0.1 2366.0 0.0 2610 578 1501.357142857143 14
160 0.1 2423.0 0.0 2610 578 1559.0 15
170 0.1 3131.0 0.0 3131 578 1613.0 16
180 0.1 3239.0 0.0 3239 578 1702.2941176470588 17
190 0.1 3637.0 0.0 3637 578 1787.6666666666667 18
200 0.1 3873.0 0.0 3873 578 1885.0 19
210 0.1 3834.0 0.0 3873 578 1984.4 20
220 0.1 3083.0 0.0 3873 578 2072.4761904761904 21
230 0.1 2774.0 0.0 3873 578 2118.409090909091 22
240 0.1 2886.0 0.0 3873 578 2146.913043478261 23
250 0.1 2519.0 0.0 3873 578 2177.7083333333335 24
258 0.1 1344.0 0.0 3873 578 2191.36 25
