10 0.1 793 0 793 793 0 0
20 0.1 933.0 0.0 933 793 793.0 1
30 0.1 809.0 0.0 933 793 863.0 2
40 0.1 584.0 0.0 933 584 845.0 3
50 0.1 448.0 0.0 933 448 779.75 4
60 0.1 684.0 0.0 933 448 713.4 5
70 0.1 1045.0 0.0 1045 448 708.5 6
80 0.1 545.0 0.0 1045 448 756.5714285714286 7
90 0.1 1209.0 0.0 1209 448 730.125 8
100 0.1 1651.0 0.0 1651 448 783.3333333333334 9
110 0.1 1572.0 0.0 1651 448 870.1 10
120 0.1 1545.0 0.0 1651 448 933.9090909090909 11
130 0.1 2874.0 0.0 2874 448 984.8333333333334 12
140 0.1 2707.0 0.0 2874 448 1130.1538461538462 13
150 0.1 2834.0 0.0 2874 448 1242.7857142857142 14
160 0.1 2424.0 0.0 2874 448 1348.8666666666666 15
170 0.1 2607.0 0.0 2874 448 1416.0625 16
180 0.1 3420.0 0.0 3420 448 1486.1176470588234 17
190 0.1 4330.0 0.0 4330 448 1593.5555555555557 18
200 0.1 4623.0 0.0 4623 448 1737.578947368421 19
210 0.1 4826.0 0.0 4826 448 1881.85 20
220 0.1 4298.0 0.0 4826 448 2022.047619047619 21
230 0.1 1955.0 0.0 4826 448 2125.5 22
240 0.1 1787.0 0.0 4826 448 2118.086956521739 23
250 0.1 817.0 0.0 4826 448 2104.2916666666665 24
260 0.1 127.0 0.0 4826 127 2052.8 25
268 0.1 8.0 0.0 4826 8 1978.7307692307695 26
