0 3.7 109.16641812711148 106.85538941254734 372.52294921875 7.899169921875 0 0
10 6.3 119.35919286334325 150.58875107078487 643.35986328125 7.764892578125 109.16641812711148 37
20 5.7 82.01130328262062 80.25624433333698 643.35986328125 6.632080078125 115.5878662109375 100
30 4.4 98.45477849786931 103.59040952260604 643.35986328125 6.632080078125 103.3976490968352 157
40 5.4 75.7323043258102 71.87069342612332 643.35986328125 6.632080078125 102.31562767218594 201
50 3.6 105.76087782118056 112.39093808686958 643.35986328125 6.632080078125 96.6862180223652 255
60 6.7 103.53098763992537 105.66871813773716 643.35986328125 6.447021484375 97.80885634799183 291
70 7 77.62625906808036 73.1472287037362 643.35986328125 6.447021484375 98.87975801435928 358
80 10.5 97.65050688244048 108.67429685324272 643.35986328125 6.447021484375 95.40371846707068 428
90 10.7 140.73962060090545 155.80017821748388 676.558837890625 6.447021484375 95.84633156953565 533
100 12.9 119.54942238977713 141.79081433561927 676.558837890625 6.447021484375 103.3519283294678 640
110 12.3 117.92169239075207 134.4278494250755 676.558837890625 6.447021484375 106.06906322384998 769
120 18.8 355.9552573346076 346.3441353382702 1371.170166015625 6.447021484375 107.70345042959993 892
130 21.8 782.5945731346764 431.19816256339266 1738.14501953125 6.447021484375 150.91765385380498 1080
140 26 1090.431497896634 370.0638416624903 2105.593017578125 6.447021484375 257.0082304356462 1298
150 19.2 1078.3623034159348 580.0325644046819 2390.177001953125 6.447021484375 396.09041884377 1558
160 22 3049.4515624999995 814.7698654954464 4296.81591796875 0.760986328125 470.94539132254465 1750
170 50.1 2153.1522969685616 1989.6604748516932 4803.509033203125 0.6171875 758.9003952103823 1970
180 68.7 1477.8835132937575 1756.7761618721065 4803.509033203125 0.6171875 1041.5876484604219 2471
190 96.8 1150.2669955166923 1662.9414071711358 5258.614990234375 0.60791015625 1136.5006500881932 3158
200 104.2 981.0568676617232 1426.0436752228745 5258.614990234375 0.589111328125 1139.7303695197945 4126
210 68.8 1492.7413968818132 1138.5385895527404 5258.614990234375 0.589111328125 1107.737763301507 5168
220 27 1706.9067265263313 315.393944570799 5258.614990234375 0.589111328125 1152.9704306347123 5856
230 17.7 1055.693060061352 909.3406971127862 5258.614990234375 0.589111328125 1177.3848609139707 6126
240 12.8 112.01442718505865 121.71945995366787 5258.614990234375 0.589111328125 1173.9675280961198 6303
250 5.2 79.63587364783656 78.3509803054544 5258.614990234375 0.589111328125 1152.830846877551 6431
260 0.7 91.32655552455357 66.49638904078334 5258.614990234375 0.589111328125 1144.2227736694767 6483
268 0.1 135.39892578125 0.0 5258.614990234375 0.589111328125 1143.0871383032188 6490
