10 0.1 256 0 256 256 0 0
20 0.1 270.0 0.0 270 256 256.0 1
30 0.1 651.0 0.0 651 256 263.0 2
40 0.1 732.0 0.0 732 256 392.3333333333333 3
50 0.1 555.0 0.0 732 256 477.25 4
60 0.1 576.0 0.0 732 256 492.8 5
70 0.1 638.0 0.0 732 256 506.6666666666667 6
80 0.1 1026.0 0.0 1026 256 525.4285714285714 7
90 0.1 979.0 0.0 1026 256 588.0 8
100 0.1 878.0 0.0 1026 256 631.4444444444445 9
110 0.1 747.0 0.0 1026 256 656.1 10
120 0.1 858.0 0.0 1026 256 664.3636363636364 11
130 0.1 1245.0 0.0 1245 256 680.5 12
140 0.1 1393.0 0.0 1393 256 723.9230769230769 13
150 0.1 1220.0 0.0 1393 256 771.7142857142857 14
160 0.1 1419.0 0.0 1419 256 801.6 15
170 0.1 2093.0 0.0 2093 256 840.1875 16
180 0.1 2280.0 0.0 2280 256 913.8823529411765 17
190 0.1 2819.0 0.0 2819 256 989.7777777777778 18
200 0.1 3354.0 0.0 3354 256 1086.0526315789473 19
210 0.1 3.4e3 0.0 3400 256 1199.45 20
220 0.1 2.1e3 0.0 3400 256 1304.2380952380952 21
230 0.1 1467.0 0.0 3400 256 1340.409090909091 22
240 0.1 1350.0 0.0 3400 256 1345.9130434782608 23
250 0.1 1292.0 0.0 3400 256 1346.0833333333333 24
258 0.1 656.0 0.0 3400 256 1343.92 25
