10 0.1 423 0 423 423 0 0
20 0.1 535.0 0.0 535 423 423.0 1
30 0.1 447.0 0.0 535 423 479.0 2
40 0.1 337.0 0.0 535 337 468.3333333333333 3
50 0.1 317.0 0.0 535 317 435.5 4
60 0.1 295.0 0.0 535 295 411.8 5
70 0.1 580.0 0.0 580 295 392.3333333333333 6
80 0.1 398.0 0.0 580 295 419.14285714285717 7
90 0.1 777.0 0.0 777 295 416.5 8
100 0.1 933.0 0.0 933 295 456.55555555555554 9
110 0.1 1024.0 0.0 1024 295 504.2 10
120 0.1 848.0 0.0 1024 295 551.4545454545455 11
130 0.1 1749.0 0.0 1749 295 576.1666666666666 12
140 0.1 1522.0 0.0 1749 295 666.3846153846154 13
150 0.1 1668.0 0.0 1749 295 727.5 14
160 0.1 1594.0 0.0 1749 295 790.2 15
170 0.1 1740.0 0.0 1749 295 840.4375 16
180 0.1 2470.0 0.0 2470 295 893.3529411764706 17
190 0.1 3429.0 0.0 3429 295 980.9444444444445 18
200 0.1 3984.0 0.0 3984 295 1109.7894736842106 19
210 0.1 4078.0 0.0 4078 295 1253.5000000000002 20
220 0.1 2934.0 0.0 4078 295 1388.0000000000002 21
230 0.1 1379.0 0.0 4078 295 1458.2727272727275 22
240 0.1 1046.0 0.0 4078 295 1454.8260869565217 23
250 0.1 556.0 0.0 4078 295 1437.7916666666667 24
260 0.1 131.0 0.0 4078 131 1402.52 25
268 0.1 10.0 0.0 4078 10 1353.6153846153845 26
