0 0.3 4914.878987630208 580.7349454500207 5711.448974609375 4343.427001953125 0 0
10 0.7 9757.24155970982 3166.057520263097 16581.06201171875 4343.427001953125 4914.878987630208 3
20 0.7 4041.3626534598216 1796.55117588801 16581.06201171875 2203.509033203125 8304.532788085937 10
30 1.5 9035.882259114584 5830.538001051699 26958.662109375 2203.509033203125 6549.109791475184 17
40 0.9 6593.361897786458 2833.9721487246993 26958.662109375 2203.509033203125 7714.784385681152 32
50 1.1 8640.844127308239 4062.4983766728355 26958.662109375 2203.509033203125 7468.618473704269 41
60 0.9 7981.356336805556 4704.409867752837 26958.662109375 1409.739990234375 7716.589285043569 52
70 1.9 8870.248804995888 3257.0730051164987 26958.662109375 1409.739990234375 7755.653276287141 61
80 2.4 8593.084513346354 4741.784471367015 26958.662109375 1409.739990234375 8020.369714355469 80
90 2 9250.203479003907 4363.02651043626 26958.662109375 1409.739990234375 8152.53466796875 104
100 1.3 7179.66015625 2896.098977165312 26958.662109375 1409.739990234375 8329.578024587323 124
110 1.3 10043.66445688101 6136.705121951817 26958.662109375 1409.739990234375 8220.461730511519 137
120 1.9 8840.603412828947 4234.041588866855 26958.662109375 1409.739990234375 8378.472633463542 150
130 1.9 10657.990414268092 3609.4481179274917 26958.662109375 1409.739990234375 8430.428164871486 169
140 1.7 17604.817842371325 4632.6214384550485 26958.662109375 1409.739990234375 8655.554136884972 188
150 1.5 23171.54002278646 4634.797351473781 30264.6611328125 1409.739990234375 9397.688200266768 205
160 4.1 18301.824849942834 10163.819882540876 37123.15087890625 293.649169921875 10336.81446089311 220
170 8.6 19290.97458950309 10387.236187213772 45404.099853515625 225.364013671875 11588.022989441151 261
180 9.1 20242.828184023005 12980.261737359719 56583.984130859375 163.10791015625 13497.111858620767 347
190 13.2 16799.350258567123 11624.292082252605 56583.984130859375 23.412109375 14898.61913170662 438
200 14.5 15444.239493534482 9937.034279934438 56583.984130859375 23.412109375 15338.788445295368 570
210 11.3 15467.868546477463 9294.949722688005 56583.984130859375 23.412109375 15360.173622910293 715
220 6.9 21996.50833616395 8480.942012667263 56583.984130859375 23.412109375 15374.871118517889 828
230 4.3 28236.962163880813 6948.079160607859 56583.984130859375 23.412109375 15884.227827567587 897
240 4.3 36483.802955804866 7087.749447243385 56583.984130859375 23.412109375 16449.299717420214 940
250 5.3 29633.56611604511 9564.621532993278 56583.984130859375 23.412109375 17325.681852975187 983
258 0.7 30020.7509765625 8299.727665753144 56583.984130859375 23.412109375 17955.332302726834 1036
