0 693.5328125 693.5328125
10 818.9671875 1512.5
20 509.796875 2022.296875
30 622.103125 2644.4
40 300.721875 2945.121875
50 439.42578125 3384.54765625
60 1048.71484375 4433.2625
70 277.1796875 4710.4421875
80 980.71015625 5691.15234375
90 1333.03828125 7024.190625
100 1346.996875 8371.1875
110 906.39609375 9277.58359375
120 2079.28515625 11356.86875
130 2281.49453125 13638.36328125
140 2327.99296875 15966.35625
150 2099.8953125 18066.2515625
160 1695.8265625 19762.078125
170 2237.178125 21999.25625
180 2684.7296875 24683.9859375
190 2913.68359375 27597.66953125
200 2985.709375 30583.37890625
210 2870.74375 33454.12265625
220 1603.20390625 35057.3265625
230 1580.521875 36637.8484375
240 757.8328125 37395.68125
250 67.7546875 37463.4359375
260 9.0703125 37472.50625
268 0.07265625 37472.57890625
