0 17.38046875 17.38046875
10 30.2546875 47.63515625
20 31.11640625 78.7515625
30 22.8609375 101.6125
40 24.10078125 125.71328125
50 19.546875 145.26015625
60 30.56640625 175.8265625
70 34.20546875 210.03203125
80 51.65625 261.68828125
90 50.80234375 312.490625
100 67.30546875 379.79609375
110 56.67109375 436.4671875
120 95.76328125 532.23046875
130 107.3890625 639.61953125
140 124.2953125 763.91484375
150 102.615625 866.53046875
160 105.52265625 972.053125
170 209.83046875 1181.88359375
180 258.65625 1440.53984375
190 338.54375 1779.08359375
200 366.7390625 2145.82265625
210 300.296875 2446.11953125
220 145.17421875 2591.29375
230 71.68828125 2662.98203125
240 61.22421875 2724.20625
250 30.40859375 2754.61484375
260 4.54609375 2759.1609375
268 0.73515625 2759.89609375
