0 1.2 10.542419433593752 32.30267764310105 117.677978515625 0.698974609375 0 0
10 0.9 0.7988552517361112 0.11176323257467856 117.677978515625 0.68994140625 10.542419433593752 12
20 1.4 0.7632184709821429 0.07277525413689767 117.677978515625 0.626953125 6.36660621279762 21
30 1 0.7330078125 0.09106282986991583 117.677978515625 0.6220703125 4.125251116071429 35
40 1.3 0.7116887019230769 0.06113846886818532 117.677978515625 0.6220703125 3.371419270833334 45
50 0.2 0.8170166015625 0.0670166015625 117.677978515625 0.6220703125 2.775272764008621 58
60 2.3 0.728377632472826 0.09121328960716091 117.677978515625 0.5478515625 2.7099975585937504 60
70 1.7 0.7273954503676471 0.13406222477512963 117.677978515625 0.5478515625 2.160873964608434 83
80 1.8 0.688720703125 0.061333796299002534 117.677978515625 0.5478515625 1.9171826171875004 100
90 2.1 0.7428036644345238 0.2240812311141551 117.677978515625 0.5478515625 1.7297901218220342 118
100 2.4 0.6905619303385416 0.08039455323795414 117.677978515625 0.5478515625 1.5806770599145685 139
110 1.7 0.7460219439338235 0.07688570550556798 117.677978515625 0.5478515625 1.4496171635352761 163
120 4 0.7968139648437501 0.2229073280015338 117.677978515625 0.5478515625 1.38316650390625 180
130 3.6 0.7022162543402778 0.08561028910103437 117.677978515625 0.5400390625 1.276556951349432 220
140 4.4 0.6811634410511362 0.08678207201537406 117.677978515625 0.5400390625 1.1957902908325195 256
150 8.3 0.657664839043675 0.080819435254025 117.677978515625 0.51708984375 1.1203116861979168 300
160 8.1 0.6671549479166667 0.10352716175038564 117.677978515625 0.51708984375 1.0200514033942563 383
170 6.8 0.6712107938878676 0.14242024772947676 117.677978515625 0.51708984375 0.9584466342268323 464
180 13.7 0.7337619753649635 0.45561777058006925 117.677978515625 0.51708984375 0.9217322786947841 532
190 17.2 0.6902082576308141 0.20635247741919732 117.677978515625 0.51708984375 0.8832391074598285 669
200 15.8 0.666310757021361 0.08670936128121086 117.677978515625 0.51708984375 0.8437607410263083 841
210 3.7 0.6668998099662162 0.0686440298164852 117.677978515625 0.51708984375 0.8156955783908911 999
220 1.5 0.693798828125 0.06985199631405269 117.677978515625 0.51708984375 0.8103814438042956 1036
230 1.7 0.6985724954044118 0.060114724602754306 117.677978515625 0.51708984375 0.808717562514867 1051
240 1.8 0.8228081597222222 0.15353136174598345 117.677978515625 0.51708984375 0.8069643170646069 1068
250 0 0 0 117.677978515625 0.51708984375 0.8072269221915288 1086
260 0 0 0 117.677978515625 0.51708984375 0.8072269221915288 1086
266 0 0 0 117.677978515625 0.51708984375 0.8072269221915288 1086
