0 0.1 2.783912556969914 0 2.783912556969914 2.783912556969914 0 0
10 0.1 2.0710059171597637 0.0 2.783912556969914 2.0710059171597637 2.783912556969914 1
20 0.1 1.1892963330029733 0.0 2.783912556969914 1.1892963330029733 2.4274592370648387 2
30 0.1 0.8955223880597015 0.0 2.783912556969914 0.8955223880597015 2.014738269044217 3
40 0.1 1.0923535253227408 0.0 2.783912556969914 0.8955223880597015 1.734934298798088 4
50 0.1 1.2896825396825395 0.0 2.783912556969914 0.8955223880597015 1.6064181441030185 5
60 0.1 1.1869436201780417 0.0 2.783912556969914 0.8955223880597015 1.5536288766996054 6
70 0.1 1.2909632571996028 0.0 2.783912556969914 0.8955223880597015 1.5012452686250963 7
80 0.1 1.4910536779324055 0.0 2.783912556969914 0.8955223880597015 1.4749600171969097 8
90 0.1 1.1964107676969093 0.0 2.783912556969914 0.8955223880597015 1.476748201723076 9
100 0.1 1.5873015873015872 0.0 2.783912556969914 0.8955223880597015 1.4487144583204592 10
110 0.1 1.3958125623130608 0.0 2.783912556969914 0.8955223880597015 1.4613132882278348 11
120 0.1 1.7769002961500493 0.0 2.783912556969914 0.8955223880597015 1.4558548944016036 12
130 0.1 1.4014014014014013 0.0 2.783912556969914 0.8955223880597015 1.4805506945360993 13
140 0.1 1.6983016983016983 0.0 2.783912556969914 0.8955223880597015 1.4748971735979066 14
150 0.1 1.794616151545364 0.0 2.783912556969914 0.8955223880597015 1.4897908085781595 15
160 0.1 2.8942115768463075 0.0 2.8942115768463075 0.8955223880597015 1.5088423925136096 16
170 0.1 3.106212424849699 0.0 3.106212424849699 0.8955223880597015 1.5903346974743564 17
180 0.1 3.2064128256513023 0.0 3.2064128256513023 0.8955223880597015 1.6745501267729865 18
190 0.1 3.282051282051282 0.0 3.282051282051282 0.8955223880597015 1.7551744793455293 19
200 0.1 4.396728016359918 0.0 4.396728016359918 0.8955223880597015 1.8315183194808171 20
210 0.1 5.005107252298264 0.0 5.005107252298264 0.8955223880597015 1.9536711621893457 21
220 0.1 2.710843373493976 0.0 5.005107252298264 0.8955223880597015 2.092372802648842 22
230 0.1 1.5952143569292123 0.0 5.005107252298264 0.8955223880597015 2.1192628274681957 23
240 0.1 0.998003992015968 0.0 5.005107252298264 0.8955223880597015 2.0974274745290713 24
250 0.1 1.1928429423459244 0.0 5.005107252298264 0.8955223880597015 2.053450535228547 25
260 0.1 1.6898608349900597 0.0 5.005107252298264 0.8955223880597015 2.0203502431946 26
266 0.1 0.8919722497522299 0.0 5.005107252298264 0.8919722497522299 2.0081098947425797 27
