0 0.1 11.316728379962719 0 11.316728379962719 11.316728379962719 0 0
10 0.1 2.241715399610136 0.0 11.316728379962719 2.241715399610136 11.316728379962719 1
20 0.1 1.574803149606299 0.0 11.316728379962719 1.574803149606299 6.779221889786427 2
30 0.1 1.1846001974333662 0.0 11.316728379962719 1.1846001974333662 5.044415643059718 3
40 0.1 1.1892963330029733 0.0 11.316728379962719 1.1846001974333662 4.07946178165313 4
50 0.1 1.3820335636722607 0.0 11.316728379962719 1.1846001974333662 3.501428691923098 5
60 0.1 1.4563106796116505 0.0 11.316728379962719 1.1846001974333662 3.1481961705479584 6
70 0.1 1.0794896957801767 0.0 11.316728379962719 1.0794896957801767 2.906498243271343 7
80 0.1 1.3671875 0.0 11.316728379962719 1.0794896957801767 2.678122174834947 8
90 0.1 1.6666666666666667 0.0 11.316728379962719 1.0794896957801767 2.532462766519953 9
100 0.1 1.4734774066797642 0.0 11.316728379962719 1.0794896957801767 2.4458831565346246 10
110 0.1 1.383399209486166 0.0 11.316728379962719 1.0794896957801767 2.357482633820546 11
120 0.1 1.761252446183953 0.0 11.316728379962719 1.0794896957801767 2.276309015126014 12
130 0.1 1.673228346456693 0.0 11.316728379962719 1.0794896957801767 2.236689279053548 13
140 0.1 1.7374517374517375 0.0 11.316728379962719 1.0794896957801767 2.196442069582344 14
150 0.1 2.1505376344086025 0.0 11.316728379962719 1.0794896957801767 2.1658427141069705 15
160 0.1 2.0368574199806013 0.0 11.316728379962719 1.0794896957801767 2.1648861466258222 16
170 0.1 2.9069767441860463 0.0 11.316728379962719 1.0794896957801767 2.157355045058456 17
180 0.1 2.909796314258002 0.0 11.316728379962719 1.0794896957801767 2.199000695009989 18
190 0.1 2.8627838104639687 0.0 11.316728379962719 1.0794896957801767 2.2364109907598846 19
200 0.1 3.672316384180791 0.0 11.316728379962719 1.0794896957801767 2.2677296317450883 20
210 0.1 3.481624758220503 0.0 11.316728379962719 1.0794896957801767 2.3346147151944074 21
220 0.1 2.1153846153846154 0.0 11.316728379962719 1.0794896957801767 2.3867515353319573 22
230 0.1 1.3592233009708738 0.0 11.316728379962719 1.0794896957801767 2.374952973595116 23
240 0.1 1.953125 0.0 11.316728379962719 1.0794896957801767 2.3326309039024395 24
250 0.1 1.4563106796116505 0.0 11.316728379962719 1.0794896957801767 2.3174506677463422 25
260 0.1 1.467710371819961 0.0 11.316728379962719 1.0794896957801767 2.2843298989719307 26
270 0.1 1.467710371819961 0.0 11.316728379962719 1.0794896957801767 2.2540847312996357 27
280 0.1 1.5609756097560976 0.0 11.316728379962719 1.0794896957801767 2.2259999327467903 28
