0 0.1 3168.9609375 0 3168.9609375 3168.9609375 0 0
10 0.1 3166.4296875 0.0 3168.9609375 3166.4296875 3168.9609375 1
20 0.1 3165.95703125 0.0 3168.9609375 3165.95703125 3167.6953125 2
30 0.1 3165.6015625 0.0 3168.9609375 3165.6015625 3167.1158854166665 3
40 0.1 3165.375 0.0 3168.9609375 3165.375 3166.7373046875 4
50 0.1 3165.609375 0.0 3168.9609375 3165.375 3166.46484375 5
60 0.1 3165.859375 0.0 3168.9609375 3165.375 3166.322265625 6
70 0.1 3164.19140625 0.0 3168.9609375 3164.19140625 3166.2561383928573 7
80 0.1 3163.83984375 0.0 3168.9609375 3163.83984375 3165.998046875 8
90 0.1 3163.87890625 0.0 3168.9609375 3163.83984375 3165.758246527778 9
100 0.1 3163.37109375 0.0 3168.9609375 3163.37109375 3165.5703125 10
110 0.1 3162.296875 0.0 3168.9609375 3162.296875 3165.3703835227275 11
120 0.1 3161.8203125 0.0 3168.9609375 3161.8203125 3165.1142578125 12
130 0.1 3159.2890625 0.0 3168.9609375 3159.2890625 3164.860877403846 13
140 0.1 3155.18359375 0.0 3168.9609375 3155.18359375 3164.462890625 14
150 0.1 3152.73828125 0.0 3168.9609375 3152.73828125 3163.844270833333 15
160 0.1 3150.21875 0.0 3168.9609375 3150.21875 3163.150146484375 16
170 0.1 3147.99609375 0.0 3168.9609375 3147.99609375 3162.389476102941 17
180 0.1 3146.046875 0.0 3168.9609375 3146.046875 3161.58984375 18
190 0.1 3145.80859375 0.0 3168.9609375 3145.80859375 3160.771792763158 19
200 0.1 3145.75 0.0 3168.9609375 3145.75 3160.0236328125 20
210 0.1 3145.1484375 0.0 3168.9609375 3145.1484375 3159.3439360119046 21
220 0.1 3144.55078125 0.0 3168.9609375 3144.55078125 3158.6986860795455 22
230 0.1 3144.66015625 0.0 3168.9609375 3144.55078125 3158.0835597826085 23
240 0.1 3144.484375 0.0 3168.9609375 3144.484375 3157.5242513020835 24
250 0.1 3144.80078125 0.0 3168.9609375 3144.484375 3157.00265625 25
260 0.1 3144.98046875 0.0 3168.9609375 3144.484375 3156.5333533653848 26
266 0.1 3144.99609375 0.0 3168.9609375 3144.484375 3156.10546875 27
