0 0.1 3167.23046875 0 3167.23046875 3167.23046875 0 0
10 0.1 3165.875 0.0 3167.23046875 3165.875 3167.23046875 1
20 0.1 3159.2265625 0.0 3167.23046875 3159.2265625 3166.552734375 2
30 0.1 3159.9765625 0.0 3167.23046875 3159.2265625 3164.1106770833335 3
40 0.1 3160.6953125 0.0 3167.23046875 3159.2265625 3163.0771484375 4
50 0.1 3161.31640625 0.0 3167.23046875 3159.2265625 3162.60078125 5
60 0.1 3161.2890625 0.0 3167.23046875 3159.2265625 3162.38671875 6
70 0.1 3164.0 0.0 3167.23046875 3159.2265625 3162.229910714286 7
80 0.1 3161.7109375 0.0 3167.23046875 3159.2265625 3162.451171875 8
90 0.1 3159.78125 0.0 3167.23046875 3159.2265625 3162.3689236111113 9
100 0.1 3157.00390625 0.0 3167.23046875 3157.00390625 3162.11015625 10
110 0.1 3155.078125 0.0 3167.23046875 3155.078125 3161.6459517045455 11
120 0.1 3154.59765625 0.0 3167.23046875 3154.59765625 3161.0986328125 12
130 0.1 3154.44921875 0.0 3167.23046875 3154.44921875 3160.5985576923076 13
140 0.1 3146.14453125 0.0 3167.23046875 3146.14453125 3160.1593191964284 14
150 0.1 3142.15625 0.0 3167.23046875 3142.15625 3159.225 15
160 0.1 3142.3984375 0.0 3167.23046875 3142.15625 3158.158203125 16
170 0.1 3142.01171875 0.0 3167.23046875 3142.01171875 3157.231158088235 17
180 0.1 3142.59375 0.0 3167.23046875 3142.01171875 3156.3856336805557 18
190 0.1 3141.4140625 0.0 3167.23046875 3141.4140625 3155.6597450657896 19
200 0.1 3140.4140625 0.0 3167.23046875 3140.4140625 3154.9474609375 20
210 0.1 3139.984375 0.0 3167.23046875 3139.984375 3154.255394345238 21
220 0.1 3140.55078125 0.0 3167.23046875 3139.984375 3153.6067116477275 22
230 0.1 3139.734375 0.0 3167.23046875 3139.734375 3153.0390625 23
240 0.1 3138.8984375 0.0 3167.23046875 3138.8984375 3152.4847005208335 24
250 0.1 3139.34375 0.0 3167.23046875 3138.8984375 3151.94125 25
260 0.1 3140.41796875 0.0 3167.23046875 3138.8984375 3151.456730769231 26
270 0.1 3138.37890625 0.0 3167.23046875 3138.37890625 3151.0478877314813 27
280 0.1 3139.75390625 0.0 3167.23046875 3138.37890625 3150.5954241071427 28
