0 0.1 0.08984375 0 0.08984375 0.08984375 0 0
10 0.1 0.078125 0.0 0.08984375 0.078125 0.08984375 1
20 0.1 0.05859375 0.0 0.08984375 0.05859375 0.083984375 2
30 0.1 0.05078125 0.0 0.08984375 0.05078125 0.07552083333333333 3
40 0.1 0.05078125 0.0 0.08984375 0.05078125 0.0693359375 4
50 0.1 0.0390625 0.0 0.08984375 0.0390625 0.065625 5
60 0.1 0.03125 0.0 0.08984375 0.03125 0.061197916666666664 6
70 0.1 0.03125 0.0 0.08984375 0.03125 0.056919642857142856 7
80 0.1 0.01953125 0.0 0.08984375 0.01953125 0.0537109375 8
90 0.1 0.01953125 0.0 0.08984375 0.01953125 0.04991319444444445 9
100 0.1 0.01953125 0.0 0.08984375 0.01953125 0.046875 10
110 0.1 0.01171875 0.0 0.08984375 0.01171875 0.044389204545454544 11
120 0.1 0.01171875 0.0 0.08984375 0.01171875 0.041666666666666664 12
130 0.1 0.01171875 0.0 0.08984375 0.01171875 0.03936298076923077 13
140 0.1 0.01171875 0.0 0.08984375 0.01171875 0.037388392857142856 14
150 0.1 0.01171875 0.0 0.08984375 0.01171875 0.03567708333333333 15
160 0.1 0.01171875 0.0 0.08984375 0.01171875 0.0341796875 16
170 0.1 0.01171875 0.0 0.08984375 0.01171875 0.03285845588235294 17
180 0.1 0.0 0.0 0.08984375 0.0 0.031684027777777776 18
190 0.1 0.0 0.0 0.08984375 0.0 0.030016447368421052 19
200 0.1 0.0 0.0 0.08984375 0.0 0.028515625 20
210 0.1 0.0 0.0 0.08984375 0.0 0.027157738095238096 21
220 0.1 0.0 0.0 0.08984375 0.0 0.025923295454545456 22
230 0.1 0.0 0.0 0.08984375 0.0 0.024796195652173912 23
240 0.1 0.0 0.0 0.08984375 0.0 0.023763020833333332 24
250 0.1 0.0 0.0 0.08984375 0.0 0.0228125 25
260 0.1 0.0 0.0 0.08984375 0.0 0.021935096153846152 26
270 0.1 0.0 0.0 0.08984375 0.0 0.021122685185185185 27
280 0.1 0.0 0.0 0.08984375 0.0 0.020368303571428572 28
