0 0.1 0.0703125 0 0.0703125 0.0703125 0 0
10 0.1 0.05859375 0.0 0.0703125 0.05859375 0.0703125 1
20 0.1 0.05078125 0.0 0.0703125 0.05078125 0.064453125 2
30 0.1 0.0390625 0.0 0.0703125 0.0390625 0.059895833333333336 3
40 0.1 0.0390625 0.0 0.0703125 0.0390625 0.0546875 4
50 0.1 0.109375 0.0 0.109375 0.0390625 0.0515625 5
60 0.1 0.08984375 0.0 0.109375 0.0390625 0.061197916666666664 6
70 0.1 0.078125 0.0 0.109375 0.0390625 0.06529017857142858 7
80 0.1 0.0703125 0.0 0.109375 0.0390625 0.06689453125 8
90 0.1 0.05859375 0.0 0.109375 0.0390625 0.06727430555555555 9
100 0.1 0.05078125 0.0 0.109375 0.0390625 0.06640625 10
110 0.1 0.0390625 0.0 0.109375 0.0390625 0.06498579545454546 11
120 0.1 0.03125 0.0 0.109375 0.03125 0.06282552083333333 12
130 0.1 0.03125 0.0 0.109375 0.03125 0.060396634615384616 13
140 0.1 0.01953125 0.0 0.109375 0.01953125 0.058314732142857144 14
150 0.1 0.01953125 0.0 0.109375 0.01953125 0.05572916666666667 15
160 0.1 0.01953125 0.0 0.109375 0.01953125 0.053466796875 16
170 0.1 0.01953125 0.0 0.109375 0.01953125 0.051470588235294115 17
180 0.1 0.01171875 0.0 0.109375 0.01171875 0.04969618055555555 18
190 0.1 0.01171875 0.0 0.109375 0.01171875 0.047697368421052634 19
200 0.1 0.078125 0.0 0.109375 0.01171875 0.0458984375 20
210 0.1 0.05859375 0.0 0.109375 0.01171875 0.04743303571428571 21
220 0.1 0.05078125 0.0 0.109375 0.01171875 0.04794034090909091 22
230 0.1 0.05078125 0.0 0.109375 0.01171875 0.048063858695652176 23
240 0.1 0.0390625 0.0 0.109375 0.01171875 0.048177083333333336 24
250 0.1 0.03125 0.0 0.109375 0.01171875 0.0478125 25
260 0.1 0.03125 0.0 0.109375 0.01171875 0.04717548076923077 26
266 0.1 0.01953125 0.0 0.109375 0.01171875 0.04658564814814815 27
