0 2.1 1066.5698823474702 629.7941880561602 2364.14501953125 252.43896484375 0 0
10 7 1421.6335205078126 833.9332363444714 3983.819091796875 191.72412109375 1066.5698823474702 21
20 6.4 1047.786361694336 1004.8455464722516 3983.819091796875 9.092041015625 1339.6957578554259 91
30 5 307.873046875 353.5833322653897 3983.819091796875 8.156982421875 1219.1654265372983 155
40 4.8 469.2432454427084 476.59783968873205 3983.819091796875 7.85205078125 996.8989924733231 205
50 5.1 433.80569757199754 430.4989349857567 3983.819091796875 7.85205078125 896.790392246171 253
60 2.6 251.7941612830529 222.64171507782982 3983.819091796875 7.85205078125 819.118617810701 304
70 6.2 652.2379937941031 494.6223428675663 3983.819091796875 7.85205078125 774.4203272964015 330
80 7.9 1725.8191350623022 703.4633316611687 3983.819091796875 7.85205078125 755.0955704669564 392
90 8.1 2631.7846438560973 1136.3400015699362 5433.096923828125 7.85205078125 917.9133233396365 471
100 7.1 4454.548181668133 2014.8746140083815 12113.773193359375 7.85205078125 1169.4053105893345 552
110 7.6 4391.083634225945 2046.1400838723855 12501.84814453125 7.85205078125 1543.7955896368378 623
120 8.1 4606.829683280286 1828.7512775961334 12501.84814453125 7.85205078125 1853.3719721672703 699
130 8.3 5788.168557040663 2140.3280633899394 14488.708984375 7.85205078125 2139.307965244391 780
140 14.7 5264.989802561649 5148.945121341566 19586.281005859375 0.69189453125 2490.241255069525 863
150 25.6 3890.753249168397 5560.304986349306 23983.293212890625 0.69189453125 2894.090796140161 1010
160 45.5 2483.6936909769897 5439.850486604121 32476.823974609375 0.68408203125 3095.6275954886823 1266
170 42.6 2601.875897474692 5115.087225345721 32476.823974609375 0.68408203125 2933.8437915649056 1721
180 53.3 1847.3706911240902 4255.994573032229 32476.823974609375 0.64990234375 2867.9759187738337 2147
190 85.1 1184.3143960345376 3686.488739912209 32607.666015625 0.64990234375 2664.997341782299 2680
200 89.4 1192.7473439466219 3957.3840245257734 33773.361083984375 0.64501953125 2308.1405910512467 3531
210 50.2 2390.4979627388884 5296.244200678514 34220.532958984375 0.64501953125 2082.7933451955328 4425
220 17.9 5305.994742111119 5532.330004540532 34220.532958984375 0.64501953125 2114.144617370642 4927
230 10.1 9775.860641630567 5497.861486250394 34220.532958984375 0.64501953125 2226.0406558211994 5106
240 9.6 11267.117324829102 4079.2700186487914 34220.532958984375 0.64501953125 2372.4842545472884 5207
250 8.8 10875.988178599962 5457.897272097862 34220.532958984375 0.64501953125 2533.503446466401 5303
260 7.1 10039.394256161968 5632.6950346964395 34220.532958984375 0.64501953125 2669.682013787446 5391
270 8 7658.545535278317 4322.552394881278 34220.532958984375 0.64501953125 2765.4801773188615 5462
280 4.3 3470.1772915152615 2228.146312368849 34220.532958984375 0.64501953125 2836.1126617354544 5542
284 0.1 159.235107421875 0.0 34220.532958984375 0.64501953125 2840.9944485000974 5585
