10 0.1 578 0 578 578 0 0
20 0.1 1524.0 0.0 1524 578 578.0 1
30 0.1 876.0 0.0 1524 578 1051.0 2
40 0.1 823.0 0.0 1524 578 992.6666666666666 3
50 0.1 957.0 0.0 1524 578 950.25 4
60 0.1 1291.0 0.0 1524 578 951.6 5
70 0.1 461.0 0.0 1524 461 1008.1666666666666 6
80 0.1 1478.0 0.0 1524 461 930.0 7
90 0.1 1533.0 0.0 1533 461 998.5 8
100 0.1 1461.0 0.0 1533 461 1057.888888888889 9
110 0.1 1297.0 0.0 1533 461 1098.2 10
120 0.1 1549.0 0.0 1549 461 1116.2727272727273 11
130 0.1 1606.0 0.0 1606 461 1152.3333333333333 12
140 0.1 1572.0 0.0 1606 461 1187.2307692307693 13
150 0.1 1652.0 0.0 1652 461 1214.7142857142858 14
160 0.1 2003.0 0.0 2003 461 1243.8666666666666 15
170 0.1 2254.0 0.0 2254 461 1291.3125 16
180 0.1 2347.0 0.0 2347 461 1347.9411764705883 17
190 0.1 2768.0 0.0 2768 461 1403.4444444444443 18
200 0.1 3164.0 0.0 3164 461 1475.2631578947369 19
210 0.1 3335.0 0.0 3335 461 1559.7 20
220 0.1 2040.0 0.0 3335 461 1644.2380952380952 21
230 0.1 1802.0 0.0 3335 461 1662.2272727272727 22
240 0.1 1817.0 0.0 3335 461 1668.304347826087 23
250 0.1 1705.0 0.0 3335 461 1674.5 24
260 0.1 1444.0 0.0 3335 461 1675.72 25
270 0.1 1345.0 0.0 3335 461 1666.8076923076924 26
280 0.1 1493.0 0.0 3335 461 1654.888888888889 27
