10 0.1 728 0 728 728 0 0
20 0.1 579.0 0.0 728 579 728.0 1
30 0.1 912.0 0.0 912 579 653.5 2
40 0.1 890.0 0.0 912 579 739.6666666666666 3
50 0.1 839.0 0.0 912 579 777.25 4
60 0.1 370.0 0.0 912 370 789.6 5
70 0.1 995.0 0.0 995 370 719.6666666666666 6
80 0.1 1139.0 0.0 1139 370 759.0 7
90 0.1 1077.0 0.0 1139 370 806.5 8
100 0.1 1347.0 0.0 1347 370 836.5555555555555 9
110 0.1 1256.0 0.0 1347 370 887.6 10
120 0.1 1610.0 0.0 1610 370 921.0909090909091 11
130 0.1 1466.0 0.0 1610 370 978.5 12
140 0.1 1361.0 0.0 1610 370 1016.0 13
150 0.1 1439.0 0.0 1610 370 1040.642857142857 14
160 0.1 1754.0 0.0 1754 370 1067.2 15
170 0.1 2215.0 0.0 2215 370 1110.125 16
180 0.1 2625.0 0.0 2625 370 1175.1176470588234 17
190 0.1 2833.0 0.0 2833 370 1255.6666666666667 18
200 0.1 3155.0 0.0 3155 370 1338.6842105263158 19
210 0.1 3320.0 0.0 3320 370 1429.5 20
220 0.1 2476.0 0.0 3320 370 1519.5238095238096 21
230 0.1 1789.0 0.0 3320 370 1563.0 22
240 0.1 1143.0 0.0 3320 370 1572.8260869565217 23
250 0.1 1807.0 0.0 3320 370 1554.9166666666667 24
260 0.1 1532.0 0.0 3320 370 1565.0 25
266 0.1 149.0 0.0 3320 149 1563.7307692307693 26
