0 4.8 137.50577290852866 192.92701859387847 935.983154296875 7.173095703125 0 0
10 5.7 129.44447728207237 128.66084637799003 935.983154296875 7.173095703125 137.50577290852866 48
20 6.4 193.24879074096683 292.16227130647997 1704.89794921875 6.39794921875 133.1296409970238 105
30 7.7 362.2058327414772 512.8187465073393 1855.995849609375 6.39794921875 155.89665628467085 169
40 8.1 220.16617537133487 288.8379033799483 1855.995849609375 6.39794921875 220.47310582602893 246
50 3.5 90.38427036830359 100.69973212660008 1855.995849609375 6.39794921875 220.39707718128824 327
60 8.2 182.46053556116613 244.2395965342616 1855.995849609375 6.39794921875 207.82677818003282 362
70 12.4 266.8748661164315 323.8157950290187 1855.995849609375 6.39794921875 203.1420216603322 444
80 9.6 250.69226837158203 280.0328627205976 1855.995849609375 6.39794921875 217.05552995708626 568
90 11.1 238.03038780968473 282.4333798483871 1855.995849609375 6.39794921875 221.91867286038686 664
100 12.6 589.4121849423364 598.8461840153004 2179.593994140625 6.39794921875 224.22628622731855 775
110 9.5 1544.8582982113487 878.8748939188089 3386.696044921875 6.39794921875 275.2955684005619 901
120 11.4 1592.344101219846 777.5930443467968 3386.696044921875 6.39794921875 396.3883990552052 996
130 14.5 2883.5146804283413 633.8103685260219 4424.114990234375 6.39794921875 519.2162819802224 1110
140 14.5 4350.1703394396545 690.6110046022776 6050.287109375 6.39794921875 792.382232398531 1255
150 25.9 2938.8163892826974 3526.3276008458365 9504.345947265625 0.607177734375 1160.8674291992188 1400
160 49.9 2387.2320745005636 4261.033314689461 11609.81298828125 0.607177734375 1438.437520013939 1659
170 50.1 2292.8388779082443 2902.118135518061 11609.81298828125 0.607177734375 1657.8297733451836 2158
180 61.9 1706.7681744749589 2317.9402341843747 11609.81298828125 0.607177734375 1777.4760920311908 2659
190 95.1 1047.6324194618346 2288.3360318236305 11609.81298828125 0.607177734375 1764.1239867940621 3278
200 102.3 1093.7081412187654 2317.2870419653477 11609.81298828125 0.607177734375 1603.002331430395 4229
210 62.6 1749.3490594735915 2063.858856602857 11609.81298828125 0.068115234375 1503.8005118213894 5252
220 25 3250.687650390625 558.8834927787052 11609.81298828125 0.068115234375 1529.951139727187 5878
230 13.7 4905.3715160954625 596.8163533576065 11609.81298828125 0.068115234375 1600.1508994637827 6128
240 9.3 6484.089071950605 586.6971684931411 11609.81298828125 0.068115234375 1672.4278706495033 6265
250 14.5 3335.9000168372845 2267.80731987722 11609.81298828125 0.068115234375 1742.8091999544738 6358
260 8.2 1063.7204798256478 766.6204467215064 11609.81298828125 0.068115234375 1778.3309850456637 6503
266 0.4 146.967041015625 76.22861974371335 11609.81298828125 0.068115234375 1769.4322665296363 6585
