10 0.1 270 0 270 270 0 0
20 0.1 810.0 0.0 810 270 270.0 1
30 0.1 508.0 0.0 810 270 540.0 2
40 0.1 444.0 0.0 810 270 529.3333333333334 3
50 0.1 534.0 0.0 810 270 508.0 4
60 0.1 529.0 0.0 810 270 513.2 5
70 0.1 241.0 0.0 810 241 515.8333333333334 6
80 0.1 766.0 0.0 810 241 476.57142857142856 7
90 0.1 786.0 0.0 810 241 512.75 8
100 0.1 796.0 0.0 810 241 543.1111111111111 9
110 0.1 743.0 0.0 810 241 568.4 10
120 0.1 739.0 0.0 810 241 584.2727272727273 11
130 0.1 999.0 0.0 999 241 597.1666666666666 12
140 0.1 799.0 0.0 999 241 628.0769230769231 13
150 0.1 1074.0 0.0 1074 241 640.2857142857143 14
160 0.1 1527.0 0.0 1527 241 669.2 15
170 0.1 1984.0 0.0 1984 241 722.8125 16
180 0.1 1959.0 0.0 1984 241 797.0 17
190 0.1 2633.0 0.0 2633 241 861.5555555555555 18
200 0.1 3352.0 0.0 3352 241 954.7894736842105 19
210 0.1 3330.0 0.0 3352 241 1074.65 20
220 0.1 1609.0 0.0 3352 241 1182.047619047619 21
230 0.1 1015.0 0.0 3352 241 1201.4545454545455 22
240 0.1 975.0 0.0 3352 241 1193.3478260869565 23
250 0.1 826.0 0.0 3352 241 1184.25 24
260 0.1 693.0 0.0 3352 241 1169.92 25
270 0.1 651.0 0.0 3352 241 1151.576923076923 26
280 0.1 711.0 0.0 3352 241 1133.037037037037 27
