10 0.1 406 0 406 406 0 0
20 0.1 399.0 0.0 406 399 406.0 1
30 0.1 553.0 0.0 553 399 402.5 2
40 0.1 559.0 0.0 559 399 452.6666666666667 3
50 0.1 563.0 0.0 563 399 479.25 4
60 0.1 245.0 0.0 563 245 496.0 5
70 0.1 687.0 0.0 687 245 454.1666666666667 6
80 0.1 768.0 0.0 768 245 487.42857142857144 7
90 0.1 732.0 0.0 768 245 522.5 8
100 0.1 906.0 0.0 906 245 545.7777777777778 9
110 0.1 854.0 0.0 906 245 581.8 10
120 0.1 935.0 0.0 935 245 606.5454545454545 11
130 0.1 967.0 0.0 967 245 633.9166666666666 12
140 0.1 1014.0 0.0 1014 245 659.5384615384615 13
150 0.1 1077.0 0.0 1077 245 684.8571428571429 14
160 0.1 1481.0 0.0 1481 245 711.0 15
170 0.1 1899.0 0.0 1899 245 759.125 16
180 0.1 2210.0 0.0 2210 245 826.1764705882352 17
190 0.1 2659.0 0.0 2659 245 903.0555555555555 18
200 0.1 3257.0 0.0 3257 245 995.4736842105264 19
210 0.1 3415.0 0.0 3415 245 1108.55 20
220 0.1 2006.0 0.0 3415 245 1218.3809523809523 21
230 0.1 1191.0 0.0 3415 245 1254.1818181818182 22
240 0.1 764.0 0.0 3415 245 1251.4347826086957 23
250 0.1 1003.0 0.0 3415 245 1231.1250000000002 24
260 0.1 999.0 0.0 3415 245 1222.0000000000002 25
266 0.1 167.0 0.0 3415 167 1213.4230769230771 26
