0 0.3 4727.201334635417 1433.5990205624066 6328.35302734375 2849.572021484375 0 0
10 1 8843.04658203125 2891.331937965285 12665.589111328125 2849.572021484375 4727.201334635417 3
20 0.8 10052.499481201172 5458.543420653241 18819.340087890625 2849.572021484375 7893.2361403245195 13
30 1.4 10030.603341238839 5434.666193891431 18819.340087890625 1840.0 8715.812651134673 21
40 1.3 12013.147705078125 4984.774870959631 22587.3759765625 1840.0 9241.728927176338 35
50 0.8 11768.664276123047 4888.1347479223305 22587.3759765625 878.8369140625 9992.321512858072 48
60 0.5 12717.30361328125 7907.092250294722 26240.720947265625 878.8369140625 10246.08476475307 56
70 2.1 8800.283179873511 3614.157719161749 26240.720947265625 878.8369140625 10448.643686763577 61
80 1.8 10229.250325520834 4974.315074339091 26240.720947265625 878.8369140625 10026.50258134051 82
90 1.6 10274.837615966797 5158.051369996312 26240.720947265625 878.8369140625 10062.997175292969 100
100 1.5 10998.937483723957 4852.721791653682 26240.720947265625 878.8369140625 10092.216546420394 116
110 2.2 13429.773792613636 4056.964079159186 26240.720947265625 878.8369140625 10196.039554508588 131
120 1.2 17291.204956054688 5795.492141900383 26240.720947265625 878.8369140625 10661.020948223038 153
130 0.7 22049.84102957589 4887.652968930294 29548.88818359375 878.8369140625 11143.216148792611 165
140 1.6 25603.776779174805 4227.516004454632 36054.276123046875 878.8369140625 11587.090417196581 172
150 3.4 26353.265380859375 8996.083006171542 38543.524169921875 811.7099609375 12779.99989481175 188
160 5.7 19081.579589843754 12736.282784669878 41504.282958984375 15.64306640625 14858.78830258481 222
170 8.1 22885.818419656633 11220.821676771691 44036.77001953125 15.64306640625 15721.509103207605 279
180 8.8 22829.304232510643 11373.579592860848 51567.87109375 15.64306640625 17333.47869940864 360
190 13.4 17049.587508016542 11819.306549777979 51567.87109375 15.64306640625 18413.015857696533 448
200 16.1 15980.537762944003 10178.285924380665 51567.87109375 12.8310546875 18099.099364814887 582
210 13.7 17937.370070854242 7861.159410175653 51567.87109375 12.8310546875 17640.030161717696 743
220 7.4 22026.191752665756 5991.247846796744 51567.87109375 12.8310546875 17686.32057939009 880
230 4.1 29008.863257431403 5881.218994382759 51567.87109375 12.8310546875 18022.95628884753 954
240 2.7 35478.49806495949 4050.744309306486 51567.87109375 12.8310546875 18475.641902628373 995
250 2.4 36431.97168986003 7433.02406343482 51567.87109375 12.8310546875 18924.836732748667 1022
260 3.6 27818.54603407118 5998.591290478649 51567.87109375 12.8310546875 19326.530077844913 1046
266 0.3 27764.416748046875 1930.7173240506565 51567.87109375 12.8310546875 19609.074046813625 1082
