0 610.21875 610.21875
10 415.39140625 1025.61015625
20 466.90234375 1492.5125
30 975.459375 2467.971875
40 677.1203125 3145.0921875
50 247.13671875 3392.22890625
60 697.49375 4089.72265625
70 841.925 4931.64765625
80 619.14375 5550.79140625
90 1092.621875 6643.41328125
100 1029.51875 7672.93203125
110 1213.72578125 8886.6578125
120 1255.34453125 10142.00234375
130 929.2515625 11071.25390625
140 933.24140625 12004.4953125
150 1117.57734375 13122.07265625
160 1184.14765625 14306.2203125
170 1533.86953125 15840.08984375
180 1487.3984375 17327.48828125
190 1556.01640625 18883.5046875
200 1562.22109375 20445.72578125
210 1427.07734375 21872.803125
220 1134.77109375 23007.57421875
230 910.2703125 23917.84453125
240 1304.25859375 25222.103125
250 1322.55859375 26544.66171875
260 563.44296875 27108.1046875
266 4.5796875 27112.684375
