0 14.35703125 14.35703125
10 42.42890625 56.7859375
20 30.52109375 87.30703125
30 28.0671875 115.37421875
40 28.83828125 144.2125
50 33.89453125 178.10703125
60 8.50234375 186.609375
70 36.9125 223.521875
80 50.85703125 274.37890625
90 47.90390625 322.2828125
100 46.14296875 368.42578125
110 44.309375 412.73515625
120 43.47265625 456.2078125
130 48.584375 504.7921875
140 60.4671875 565.259375
150 93.67890625 658.93828125
160 146.9359375 805.87421875
170 163.90703125 969.78125
180 181.225 1151.00625
190 228.4484375 1379.4546875
200 255.0703125 1634.525
210 177.12734375 1811.65234375
220 93.60390625 1905.25625
230 55.90703125 1961.16328125
240 44.88828125 2006.0515625
250 48.23671875 2054.28828125
260 44.4046875 2098.69296875
270 40.39296875 2139.0859375
280 24.49375 2163.5796875
284 0.7359375 2164.315625
