0 0.6 19.703328450520832 40.73212936771106 110.782958984375 1.3271484375 0 0
10 0.9 1.4425726996527777 0.2210630343197023 110.782958984375 1.2109375 19.703328450520832 6
20 0.8 1.457366943359375 0.21161119951074114 110.782958984375 1.126953125 8.746875 15
30 1 1.5308349609375 0.265078263556784 110.782958984375 1.126953125 6.211393936820652 23
40 1.2 1.3736572265625 0.20776442495135625 110.782958984375 1.0322265625 4.793042732007576 33
50 1.1 2.1144575639204546 2.2126872201884895 110.782958984375 1.0322265625 3.881206597222222 45
60 1.9 3.120849609375 6.312664469156199 110.782958984375 0.9599609375 3.5341666085379466 56
70 2 1.4039794921875 0.17770358814583995 110.782958984375 0.9599609375 3.429459635416667 75
80 2 1.45146484375 0.18584590867891018 110.782958984375 0.9599609375 3.003042763157895 95
90 2.3 1.3878439198369565 0.20574280794157912 110.782958984375 0.9599609375 2.733203125 115
100 1.5 1.3722493489583334 0.18319432450525874 110.782958984375 0.9599609375 2.508976590806159 138
110 2.6 1.3319749098557692 0.1739163491565559 110.782958984375 0.9599609375 2.397532743566176 153
120 2.6 1.5001408503605769 0.5744406229988065 110.782958984375 0.9599609375 2.2427589800104744 179
130 3.6 1.4368828667534723 0.2364154404691367 110.782958984375 0.9599609375 2.148573266006097 205
140 5.1 1.4578019684436274 0.20244075418976512 110.782958984375 0.9599609375 2.0422626669476136 241
150 5.6 1.393214634486607 0.20004207410442204 110.782958984375 0.9541015625 1.9401822024828763 292
160 8.1 1.3432134934413584 0.20258216531336634 110.782958984375 0.91796875 1.8521644329202582 348
170 7 1.3579310825892856 0.19303540917018663 110.782958984375 0.91796875 1.7560688009906757 429
180 13.2 1.3297489050662876 0.2981862430872027 110.782958984375 0.916015625 1.7002178184493986 499
190 16.7 1.3293033074476048 0.6771370291061236 110.782958984375 0.916015625 1.622718774762282 631
200 15.1 1.282912096440398 0.21132534005835354 110.782958984375 0.883056640625 1.5613147859884084 798
210 7.2 1.4391309950086806 0.9178458677848932 110.782958984375 0.883056640625 1.5170167816451527 949
220 1.1 2.151633522727273 2.2776533647230615 110.782958984375 0.883056640625 1.511524346152669 1021
230 2 1.3571044921875 0.1953625897073854 110.782958984375 0.883056640625 1.5183472152828246 1032
240 1.7 1.603616153492647 0.48463868565269763 110.782958984375 0.883056640625 1.5152817642734078 1052
250 0 0 0 110.782958984375 0.883056640625 1.516686520696913 1069
260 0 0 0 110.782958984375 0.883056640625 1.516686520696913 1069
270 0 0 0 110.782958984375 0.883056640625 1.516686520696913 1069
280 0 0 0 110.782958984375 0.883056640625 1.516686520696913 1069
290 0 0 0 110.782958984375 0.883056640625 1.516686520696913 1069
294 0 0 0 110.782958984375 0.883056640625 1.516686520696913 1069
