0 0.1 17.727898873673123 0 17.727898873673123 17.727898873673123 0 0
10 0.1 2.2660098522167487 0.0 17.727898873673123 2.2660098522167487 17.727898873673123 1
20 0.1 1.6748768472906401 0.0 17.727898873673123 1.6748768472906401 9.996954362944935 2
30 0.1 1.8756169792694966 0.0 17.727898873673123 1.6748768472906401 7.222928524393503 3
40 0.1 1.6748768472906401 0.0 17.727898873673123 1.6748768472906401 5.886100638112502 4
50 0.1 1.678183613030602 0.0 17.727898873673123 1.6748768472906401 5.04385587994813 5
60 0.1 1.5810276679841897 0.0 17.727898873673123 1.5810276679841897 4.482910502128542 6
70 0.1 1.9723865877712032 0.0 17.727898873673123 1.5810276679841897 4.068355811536492 7
80 0.1 1.782178217821782 0.0 17.727898873673123 1.5810276679841897 3.806359658565831 8
90 0.1 2.066929133858268 0.0 17.727898873673123 1.5810276679841897 3.5814506095942695 9
100 0.1 2.171767028627838 0.0 17.727898873673123 1.5810276679841897 3.429998462020669 10
110 0.1 3.3366045142296366 0.0 17.727898873673123 1.5810276679841897 3.315613786257685 11
120 0.1 13.549618320610687 0.0 17.727898873673123 1.5810276679841897 3.3173630135886807 12
130 0.1 2.66798418972332 0.0 17.727898873673123 1.5810276679841897 4.104459575667296 13
140 0.1 3.270564915758176 0.0 17.727898873673123 1.5810276679841897 4.001854190957013 14
150 0.1 4.621435594886923 0.0 17.727898873673123 1.5810276679841897 3.9531015726104237 15
160 0.1 16.367076631977294 0.0 17.727898873673123 1.5810276679841897 3.994872449002705 16
170 0.1 5.41871921182266 0.0 17.727898873673123 1.5810276679841897 4.72264916564827 17
180 0.1 5.725567620927937 0.0 17.727898873673123 1.5810276679841897 4.761319723769069 18
190 0.1 8.4396467124632 0.0 17.727898873673123 1.5810276679841897 4.81206961309322 19
200 0.1 10.710808179162608 0.0 17.727898873673123 1.5810276679841897 4.993448468061719 20
210 0.1 11.411992263056092 0.0 17.727898873673123 1.5810276679841897 5.265703692399857 21
