0 0.1 4.198333184314427 0 4.198333184314427 4.198333184314427 0 0
10 0.1 2.2660098522167487 0.0 4.198333184314427 2.2660098522167487 4.198333184314427 1
20 0.1 1.6765285996055226 0.0 4.198333184314427 1.6765285996055226 3.232171518265588 2
30 0.1 1.7733990147783252 0.0 4.198333184314427 1.6765285996055226 2.7136238787122324 3
40 0.1 1.7733990147783252 0.0 4.198333184314427 1.6765285996055226 2.478567662728756 4
50 0.1 1.9723865877712032 0.0 4.198333184314427 1.6765285996055226 2.33753393313867 5
60 0.1 2.06286836935167 0.0 4.198333184314427 1.6765285996055226 2.276676042244092 6
70 0.1 2.073050345508391 0.0 4.198333184314427 1.6765285996055226 2.246132088973746 7
80 0.1 13.06005719733079 0.0 13.06005719733079 1.6765285996055226 2.224496871040577 8
90 0.1 2.366863905325444 0.0 13.06005719733079 1.6765285996055226 3.428448018406156 9
100 0.1 2.1847070506454815 0.0 13.06005719733079 1.6765285996055226 3.322289607098085 10
110 0.1 2.3692003948667324 0.0 13.06005719733079 1.6765285996055226 3.2188730110569392 11
120 0.1 2.9469548133595285 0.0 13.06005719733079 1.6765285996055226 3.148066959707755 12
130 0.1 2.5742574257425743 0.0 13.06005719733079 1.6765285996055226 3.132596794604045 13
140 0.1 13.79638439581351 0.0 13.79638439581351 1.6765285996055226 3.09271541111394 14
150 0.1 3.8385826771653546 0.0 13.79638439581351 1.6765285996055226 3.8062933434272446 15
160 0.1 4.990215264187866 0.0 13.79638439581351 1.6765285996055226 3.8083114267858766 16
170 0.1 4.901960784313726 0.0 13.79638439581351 1.6765285996055226 3.8778351819271704 17
180 0.1 4.724409448818897 0.0 13.79638439581351 1.6765285996055226 3.9347310487264235 18
190 0.1 8.695652173913043 0.0 13.79638439581351 1.6765285996055226 3.9762930697839223 19
200 0.1 11.67953667953668 0.0 13.79638439581351 1.6765285996055226 4.2122610249903785 20
210 0.1 10.970873786407767 0.0 13.79638439581351 1.6765285996055226 4.567845579968774 21
220 0.1 11.692015209125476 0.0 13.79638439581351 1.6765285996055226 4.8588923166250915 22
230 0.1 9.671179883945841 0.0 13.79638439581351 1.6765285996055226 5.155984616299022 23
240 0.1 14.516129032258066 0.0 14.516129032258066 1.6765285996055226 5.344117752450973 24
250 0.1 2.66798418972332 0.0 14.516129032258066 1.6765285996055226 5.710998203643258 25
260 0.1 2.263779527559055 0.0 14.516129032258066 1.6765285996055226 5.593959203107875 26
270 0.1 2.0689655172413794 0.0 14.516129032258066 1.6765285996055226 5.470619215124585 27
280 0.1 1.5810276679841897 0.0 14.516129032258066 1.5810276679841897 5.349131583057328 28
290 0.1 1.4792899408284024 0.0 14.516129032258066 1.4792899408284024 5.2191969652961845 29
294 0.1 12.106768350810295 0.0 14.516129032258066 1.4792899408284024 5.094533397813925 30
