0 0.1 3168.56640625 0 3168.56640625 3168.56640625 0 0
10 0.1 3168.8046875 0.0 3168.8046875 3168.56640625 3168.56640625 1
20 0.1 3167.6171875 0.0 3168.8046875 3167.6171875 3168.685546875 2
30 0.1 3167.109375 0.0 3168.8046875 3167.109375 3168.3294270833335 3
40 0.1 3166.8828125 0.0 3168.8046875 3166.8828125 3168.0244140625 4
50 0.1 3166.7734375 0.0 3168.8046875 3166.7734375 3167.79609375 5
60 0.1 3166.41796875 0.0 3168.8046875 3166.41796875 3167.6256510416665 6
70 0.1 3165.69921875 0.0 3168.8046875 3165.69921875 3167.453125 7
80 0.1 3163.11328125 0.0 3168.8046875 3163.11328125 3167.23388671875 8
90 0.1 3161.5546875 0.0 3168.8046875 3161.5546875 3166.7760416666665 9
100 0.1 3160.95703125 0.0 3168.8046875 3160.95703125 3166.25390625 10
110 0.1 3161.0 0.0 3168.8046875 3160.95703125 3165.772372159091 11
120 0.1 3160.85546875 0.0 3168.8046875 3160.85546875 3165.3746744791665 12
130 0.1 3160.90625 0.0 3168.8046875 3160.85546875 3165.027043269231 13
140 0.1 3157.171875 0.0 3168.8046875 3157.171875 3164.7327008928573 14
150 0.1 3155.359375 0.0 3168.8046875 3155.359375 3164.2286458333333 15
160 0.1 3151.109375 0.0 3168.8046875 3151.109375 3163.67431640625 16
170 0.1 3145.43359375 0.0 3168.8046875 3145.43359375 3162.9352022058824 17
180 0.1 3138.43359375 0.0 3168.8046875 3138.43359375 3161.962890625 18
190 0.1 3132.01171875 0.0 3168.8046875 3132.01171875 3160.7245065789475 19
200 0.1 3126.4296875 0.0 3168.8046875 3126.4296875 3159.2888671875 20
210 0.1 3125.3125 0.0 3168.8046875 3125.3125 3157.724144345238 21
220 0.1 3120.5703125 0.0 3168.8046875 3120.5703125 3156.250887784091 22
230 0.1 3123.85546875 0.0 3168.8046875 3120.5703125 3154.699558423913 23
240 0.1 3123.7265625 0.0 3168.8046875 3120.5703125 3153.4143880208335 24
250 0.1 3123.73828125 0.0 3168.8046875 3120.5703125 3152.226875 25
260 0.1 3123.95703125 0.0 3168.8046875 3120.5703125 3151.131159855769 26
270 0.1 3124.15625 0.0 3168.8046875 3120.5703125 3150.1247106481483 27
280 0.1 3123.97265625 0.0 3168.8046875 3120.5703125 3149.197265625 28
290 0.1 3126.59375 0.0 3168.8046875 3120.5703125 3148.3274515086205 29
294 0.1 3126.65625 0.0 3168.8046875 3120.5703125 3147.602994791667 30
