0 0.1 3169.58984375 0 3169.58984375 3169.58984375 0 0
10 0.1 3168.265625 0.0 3169.58984375 3168.265625 3169.58984375 1
20 0.1 3167.40234375 0.0 3169.58984375 3167.40234375 3168.927734375 2
30 0.1 3166.68359375 0.0 3169.58984375 3166.68359375 3168.4192708333335 3
40 0.1 3166.7109375 0.0 3169.58984375 3166.68359375 3167.9853515625 4
50 0.1 3166.55859375 0.0 3169.58984375 3166.55859375 3167.73046875 5
60 0.1 3166.7890625 0.0 3169.58984375 3166.55859375 3167.53515625 6
70 0.1 3166.83203125 0.0 3169.58984375 3166.55859375 3167.4285714285716 7
80 0.1 3166.078125 0.0 3169.58984375 3166.078125 3167.35400390625 8
90 0.1 3166.109375 0.0 3169.58984375 3166.078125 3167.2122395833335 9
100 0.1 3165.359375 0.0 3169.58984375 3165.359375 3167.101953125 10
110 0.1 3163.671875 0.0 3169.58984375 3163.671875 3166.943536931818 11
120 0.1 3160.328125 0.0 3169.58984375 3160.328125 3166.6708984375 12
130 0.1 3161.265625 0.0 3169.58984375 3160.328125 3166.1829927884614 13
140 0.1 3159.42578125 0.0 3169.58984375 3159.42578125 3165.8317522321427 14
150 0.1 3158.33203125 0.0 3169.58984375 3158.33203125 3165.4046875 15
160 0.1 3149.546875 0.0 3169.58984375 3149.546875 3164.962646484375 16
170 0.1 3144.16015625 0.0 3169.58984375 3144.16015625 3164.055836397059 17
180 0.1 3137.88671875 0.0 3169.58984375 3137.88671875 3162.9505208333335 18
190 0.1 3129.015625 0.0 3169.58984375 3129.015625 3161.6313733552633 19
200 0.1 3121.8203125 0.0 3169.58984375 3121.8203125 3160.0005859375 20
210 0.1 3119.54296875 0.0 3169.58984375 3119.54296875 3158.1824776785716 21
