0 0.1 0.0 0 0.0 0.0 0 0
10 0.1 0.078125 0.0 0.078125 0.0 0.0 1
20 0.1 0.05859375 0.0 0.078125 0.0 0.0390625 2
30 0.1 0.05078125 0.0 0.078125 0.0 0.045572916666666664 3
40 0.1 0.05078125 0.0 0.078125 0.0 0.046875 4
50 0.1 0.0390625 0.0 0.078125 0.0 0.04765625 5
60 0.1 0.03125 0.0 0.078125 0.0 0.046223958333333336 6
70 0.1 0.03125 0.0 0.078125 0.0 0.04408482142857143 7
80 0.1 0.01953125 0.0 0.078125 0.0 0.04248046875 8
90 0.1 0.01953125 0.0 0.078125 0.0 0.03993055555555555 9
100 0.1 0.01953125 0.0 0.078125 0.0 0.037890625 10
110 0.1 0.01171875 0.0 0.078125 0.0 0.03622159090909091 11
120 0.1 0.01171875 0.0 0.078125 0.0 0.0341796875 12
130 0.1 0.01171875 0.0 0.078125 0.0 0.03245192307692308 13
140 0.1 0.01171875 0.0 0.078125 0.0 0.030970982142857147 14
150 0.1 0.01171875 0.0 0.078125 0.0 0.029687500000000002 15
160 0.1 0.01171875 0.0 0.078125 0.0 0.028564453125000003 16
170 0.1 0.01171875 0.0 0.078125 0.0 0.02757352941176471 17
180 0.1 0.0 0.0 0.078125 0.0 0.026692708333333336 18
190 0.1 0.0 0.0 0.078125 0.0 0.025287828947368425 19
200 0.1 0.0 0.0 0.078125 0.0 0.0240234375 20
210 0.1 0.0 0.0 0.078125 0.0 0.022879464285714284 21
220 0.1 0.0 0.0 0.078125 0.0 0.021839488636363633 22
230 0.1 0.21875 0.0 0.21875 0.0 0.02088994565217391 23
240 0.1 0.1796875 0.0 0.21875 0.0 0.02913411458333333 24
250 0.1 0.16015625 0.0 0.21875 0.0 0.03515624999999999 25
260 0.1 0.12890625 0.0 0.21875 0.0 0.0399639423076923 26
270 0.1 0.109375 0.0 0.21875 0.0 0.043258101851851846 27
280 0.1 0.08984375 0.0 0.21875 0.0 0.04561941964285714 28
290 0.1 0.078125 0.0 0.21875 0.0 0.04714439655172413 29
294 0.1 0.0703125 0.0 0.21875 0.0 0.04817708333333333 30
