0 0.1 0.3203125 0 0.3203125 0.3203125 0 0
10 0.1 0.26953125 0.0 0.3203125 0.26953125 0.3203125 1
20 0.1 0.23046875 0.0 0.3203125 0.23046875 0.294921875 2
30 0.1 0.19921875 0.0 0.3203125 0.19921875 0.2734375 3
40 0.1 0.171875 0.0 0.3203125 0.171875 0.2548828125 4
50 0.1 0.140625 0.0 0.3203125 0.140625 0.23828125 5
60 0.1 0.12109375 0.0 0.3203125 0.12109375 0.22200520833333334 6
70 0.1 0.1015625 0.0 0.3203125 0.1015625 0.20758928571428573 7
80 0.1 0.08984375 0.0 0.3203125 0.08984375 0.1943359375 8
90 0.1 0.0703125 0.0 0.3203125 0.0703125 0.18272569444444445 9
100 0.1 0.05859375 0.0 0.3203125 0.05859375 0.171484375 10
110 0.1 0.05078125 0.0 0.3203125 0.05078125 0.1612215909090909 11
120 0.1 0.12109375 0.0 0.3203125 0.05078125 0.15201822916666666 12
130 0.1 0.1015625 0.0 0.3203125 0.05078125 0.14963942307692307 13
140 0.1 0.078125 0.0 0.3203125 0.05078125 0.14620535714285715 14
150 0.1 0.0703125 0.0 0.3203125 0.05078125 0.14166666666666666 15
160 0.1 0.140625 0.0 0.3203125 0.05078125 0.13720703125 16
170 0.1 0.12109375 0.0 0.3203125 0.05078125 0.13740808823529413 17
180 0.1 0.1015625 0.0 0.3203125 0.05078125 0.1365017361111111 18
190 0.1 0.08984375 0.0 0.3203125 0.05078125 0.13466282894736842 19
200 0.1 0.0703125 0.0 0.3203125 0.05078125 0.132421875 20
210 0.1 0.05859375 0.0 0.3203125 0.05078125 0.12946428571428573 21
