0 1.6 85.78260803222656 70.43019273505674 231.363037109375 9.845947265625 0 0
10 4.6 92.62999957540761 106.86045508918122 578.64599609375 9.843994140625 85.78260803222656 16
20 4.6 168.3041886039402 199.96918391441602 1019.522216796875 9.843994140625 90.86293079007056 62
30 5.5 211.580908203125 257.0576809592167 1019.522216796875 9.595947265625 123.84717022931135 108
40 4.9 216.95423608896684 241.39002380250702 1019.522216796875 9.595947265625 153.45057874808282 163
50 7.4 238.68389067778708 342.65889738646746 1768.531005859375 9.468994140625 168.12831086932488 212
60 7 219.09756556919643 234.60887690731272 1768.531005859375 9.468994140625 186.38395040018574 286
70 11.1 414.3399977125563 453.2745944939367 2291.05615234375 9.468994140625 192.81640282105863 356
80 8.8 780.2770607688212 1057.5762871445475 3874.55419921875 9.468994140625 245.46976263466942 467
90 13.5 562.8735387731482 871.4408569028162 4407.18408203125 9.468994140625 330.2680369334178 555
100 10.5 1253.396198381696 1333.4302274389204 5483.529052734375 9.468994140625 375.7778090324955 690
110 12.5 345.26838281250014 422.2680292015021 5483.529052734375 9.468994140625 491.68967177672954 795
120 11.2 947.9295697893415 1309.7363533258024 5519.29296875 8.5849609375 471.7954749065897 920
130 16 997.9212539672853 955.5293306942855 5519.29296875 8.5849609375 523.4689425682836 1032
140 16.4 1545.5797937904915 1415.1826570539524 6362.007080078125 8.5849609375 587.1538165815724 1192
150 17.3 3158.363035698156 2170.784865415954 12393.009033203125 8.5849609375 703.0696427336836 1356
160 17.4 4716.6744398796745 2170.278283509902 13360.94287109375 8.5849609375 980.8758932129863 1529
170 19.9 6829.625225738066 2986.626141423181 16638.56787109375 1.72998046875 1362.5722802476332 1703
180 44 3572.460906427556 4800.80892265685 21233.8759765625 1.310791015625 1934.5720363741295 1902
190 84.9 2869.285613186931 5133.706937118458 22754.87109375 1.2568359375 2242.288134932416 2342
200 95.7 2102.391465078453 4255.198843826944 24683.001953125 1.236083984375 2409.1075830797317 3191
210 72.2 3296.4724993507607 4779.129557076352 24683.001953125 1.220947265625 2338.344004264104 4148
220 31 6242.474440051664 3986.0459966208823 24683.001953125 1.220947265625 2480.390980332393 4870
230 25.1 7719.433941966509 2934.4504494380058 24683.001953125 1.220947265625 2705.5349711650138 5180
240 17 7683.200992359834 2421.8066101507034 24683.001953125 1.220947265625 2937.2581605723376 5431
250 13.8 8151.313197039176 3047.7375204343507 24683.001953125 1.220947265625 3081.3057023334295 5601
260 8.5 7510.292468979779 5195.190861910943 24683.001953125 1.220947265625 3203.2191078517067 5739
270 6.6 9213.0849646366 6565.338055210122 24683.001953125 1.220947265625 3266.079896947841 5824
280 3.4 6600.876134535845 3768.2249795086623 24683.001953125 1.220947265625 3332.718663410907 5890
290 2 7185.471484375 3454.90886379744 24683.001953125 1.220947265625 3351.4758129750944 5924
294 0 0 0 24683.001953125 1.220947265625 3364.3762021789976 5944
