10 0.1 190 0 190 190 0 0
20 0.1 365.0 0.0 365 190 190.0 1
30 0.1 692.0 0.0 692 190 277.5 2
40 0.1 659.0 0.0 692 190 415.6666666666667 3
50 0.1 804.0 0.0 804 190 476.5 4
60 0.1 753.0 0.0 804 190 542.0 5
70 0.1 1206.0 0.0 1206 190 577.1666666666666 6
80 0.1 1481.0 0.0 1481 190 667.0 7
90 0.1 1524.0 0.0 1524 190 768.75 8
100 0.1 1414.0 0.0 1524 190 852.6666666666666 9
110 0.1 1767.0 0.0 1767 190 908.8 10
120 0.1 1099.0 0.0 1767 190 986.8181818181819 11
130 0.1 1675.0 0.0 1767 190 996.1666666666666 12
140 0.1 1875.0 0.0 1875 190 1048.3846153846155 13
150 0.1 1858.0 0.0 1875 190 1107.4285714285716 14
160 0.1 2114.0 0.0 2114 190 1157.4666666666667 15
170 0.1 2726.0 0.0 2726 190 1217.25 16
180 0.1 2953.0 0.0 2953 190 1306.0 17
190 0.1 3165.0 0.0 3165 190 1397.5 18
200 0.1 4076.0 0.0 4076 190 1490.5263157894738 19
210 0.1 3750.0 0.0 4076 190 1619.8 20
220 0.1 2999.0 0.0 4076 190 1721.2380952380952 21
230 0.1 2230.0 0.0 4076 190 1779.3181818181818 22
240 0.1 2430.0 0.0 4076 190 1798.9130434782608 23
250 0.1 1999.0 0.0 4076 190 1825.2083333333333 24
260 0.1 1107.0 0.0 4076 190 1832.16 25
270 0.1 1429.0 0.0 4076 190 1804.2692307692307 26
280 0.1 412.0 0.0 4076 190 1790.3703703703704 27
290 0.1 764.0 0.0 4076 190 1741.142857142857 28
294 0.1 702.0 0.0 4076 190 1707.448275862069 29
