10 0.1 316 0 316 316 0 0
20 0.1 409.0 0.0 409 316 316.0 1
30 0.1 545.0 0.0 545 316 362.5 2
40 0.1 467.0 0.0 545 316 423.3333333333333 3
50 0.1 460.0 0.0 545 316 434.25 4
60 0.1 449.0 0.0 545 316 439.4 5
70 0.1 762.0 0.0 762 316 441.0 6
80 0.1 710.0 0.0 762 316 486.85714285714283 7
90 0.1 676.0 0.0 762 316 514.75 8
100 0.1 771.0 0.0 771 316 532.6666666666666 9
110 0.1 1205.0 0.0 1205 316 556.5 10
120 0.1 1397.0 0.0 1397 316 615.4545454545455 11
130 0.1 1309.0 0.0 1397 316 680.5833333333334 12
140 0.1 1789.0 0.0 1789 316 728.9230769230769 13
150 0.1 2281.0 0.0 2281 316 804.6428571428571 14
160 0.1 3641.0 0.0 3641 316 903.0666666666667 15
170 0.1 2850.0 0.0 3641 316 1074.1875 16
180 0.1 3404.0 0.0 3641 316 1178.6470588235295 17
190 0.1 4997.0 0.0 4997 316 1302.2777777777778 18
200 0.1 4022.0 0.0 4997 316 1496.7368421052631 19
210 0.1 3996.0 0.0 4997 316 1623.0 20
