0 2.9 70.77513806573276 75.80480673486164 349.027099609375 9.552001953125 0 0
10 5.1 142.8683794806985 235.27088812369905 1124.037109375 9.552001953125 70.77513806573276 29
20 8.2 164.5430997522866 288.31923473652574 1570.572998046875 8.64892578125 116.73457946777344 80
30 6.1 67.74554543417011 80.63893438799683 1570.572998046875 8.302001953125 140.93395393277393 162
40 5.4 48.74141438802084 56.38888735334826 1570.572998046875 7.97900390625 120.91380631656394 223
50 8.3 67.52220208960841 80.3971310192716 1570.572998046875 7.97900390625 106.84409814276853 277
60 8.3 63.75848903426206 79.37406292118126 1570.572998046875 7.97900390625 97.77821655273439 360
70 10.3 125.03661398285809 234.10543875759404 1570.572998046875 7.97900390625 91.40431726597772 443
80 8.1 89.70760995370374 128.0845134628324 1570.572998046875 7.97900390625 97.7488714085394 546
90 11.3 73.65135422428098 86.16366649181946 1570.572998046875 7.97900390625 96.71004815839316 627
100 11.2 71.06797136579242 105.18847484410281 1570.572998046875 7.52001953125 93.18892327385981 740
110 19 255.09696880139813 417.3814045499244 3261.27294921875 7.52001953125 90.2810047131749 852
120 16.1 91.14018069439055 126.6893057916967 3261.27294921875 7.52001953125 120.33381966208316 1042
130 22 115.73133655894887 147.2219134307557 3261.27294921875 7.52001953125 116.42677404795306 1203
140 24.5 131.78802216198986 180.59219819823065 3261.27294921875 7.52001953125 116.31925735956169 1423
150 31.1 703.8466082508538 599.8379528034773 3261.27294921875 7.52001953125 118.59134811291595 1668
160 30.5 2108.0611456198767 668.8922041416367 4205.037109375 7.52001953125 210.5642566035166 1979
170 37.6 3169.109081511802 571.6699110601826 5688.408935546875 7.52001953125 463.9515381928292 2284
180 43.8 3383.9224034139556 1619.4378726959133 6225.330810546875 1.278076171875 846.3347097296464 2660
190 88.9 2023.6099786232783 2381.9918250921787 8762.373046875 1.201904296875 1205.1027568031543 3098
200 106.6 2273.1288931955755 3498.957311104994 10939.315185546875 1.18701171875 1387.609132573932 3987
210 58.3 3466.1986747728592 2803.1420836555376 10939.315185546875 1.18701171875 1574.421731984712 5053
