10 0.1 269 0 269 269 0 0
20 0.1 323.0 0.0 323 269 269.0 1
30 0.1 440.0 0.0 440 269 296.0 2
40 0.1 384.0 0.0 440 269 344.0 3
50 0.1 419.0 0.0 440 269 354.0 4
60 0.1 394.0 0.0 440 269 367.0 5
70 0.1 631.0 0.0 631 269 371.5 6
80 0.1 588.0 0.0 631 269 408.57142857142856 7
90 0.1 558.0 0.0 631 269 431.0 8
100 0.1 681.0 0.0 681 269 445.1111111111111 9
110 0.1 1066.0 0.0 1066 269 468.7 10
120 0.1 1173.0 0.0 1173 269 523.0 11
130 0.1 1108.0 0.0 1173 269 577.1666666666666 12
140 0.1 1569.0 0.0 1569 269 618.0 13
150 0.1 1965.0 0.0 1965 269 685.9285714285714 14
160 0.1 2899.0 0.0 2899 269 771.2 15
170 0.1 2406.0 0.0 2899 269 904.1875 16
180 0.1 2862.0 0.0 2899 269 992.5294117647059 17
190 0.1 4303.0 0.0 4303 269 1096.388888888889 18
200 0.1 4008.0 0.0 4303 269 1265.157894736842 19
210 0.1 3973.0 0.0 4303 269 1402.3 20
