10 0.1 154 0 154 154 0 0
20 0.1 322.0 0.0 322 154 154.0 1
30 0.1 498.0 0.0 498 154 238.0 2
40 0.1 469.0 0.0 498 154 324.6666666666667 3
50 0.1 605.0 0.0 605 154 360.75 4
60 0.1 532.0 0.0 605 154 409.6 5
70 0.1 874.0 0.0 874 154 430.0 6
80 0.1 1182.0 0.0 1182 154 493.42857142857144 7
90 0.1 1070.0 0.0 1182 154 579.5 8
100 0.1 1061.0 0.0 1182 154 634.0 9
110 0.1 1143.0 0.0 1182 154 676.7 10
120 0.1 907.0 0.0 1182 154 719.0909090909091 11
130 0.1 1258.0 0.0 1258 154 734.75 12
140 0.1 1545.0 0.0 1545 154 775.0 13
150 0.1 1530.0 0.0 1545 154 830.0 14
160 0.1 1825.0 0.0 1825 154 876.6666666666666 15
170 0.1 2166.0 0.0 2166 154 935.9375 16
180 0.1 2274.0 0.0 2274 154 1008.2941176470588 17
190 0.1 2986.0 0.0 2986 154 1078.611111111111 18
200 0.1 4194.0 0.0 4194 154 1179.0 19
210 0.1 3865.0 0.0 4194 154 1329.75 20
220 0.1 2817.0 0.0 4194 154 1450.4761904761904 21
230 0.1 1815.0 0.0 4194 154 1512.590909090909 22
240 0.1 1808.0 0.0 4194 154 1525.7391304347825 23
250 0.1 1393.0 0.0 4194 154 1537.5 24
260 0.1 868.0 0.0 4194 154 1531.72 25
270 0.1 846.0 0.0 4194 154 1506.1923076923076 26
280 0.1 266.0 0.0 4194 154 1481.7407407407406 27
290 0.1 496.0 0.0 4194 154 1438.3214285714287 28
294 0.1 476.0 0.0 4194 154 1405.8275862068965 29
