0 0.1 4845.179931640625 0 4845.179931640625 4845.179931640625 0 0
10 0.7 9074.747453962054 3577.0545187081616 14730.463134765625 2223.115966796875 4845.179931640625 1
20 1.3 8882.095327524035 5009.337289858646 21892.549072265625 2223.115966796875 8546.051513671875 8
30 1.2 8900.421264648438 5130.948087762045 21892.549072265625 2207.5009765625 8754.078636532735 21
40 0.6 8970.426879882813 2925.9164244351637 21892.549072265625 2207.5009765625 8807.294137665718 33
50 1.6 9424.087615966797 4886.399260473231 21892.549072265625 1726.988037109375 8832.391482622194 39
60 1.2 8067.324442545571 5569.39843526841 21892.549072265625 818.599853515625 9004.521266867896 55
70 1.2 6553.048828125 4492.474500868896 21892.549072265625 818.599853515625 8836.665119228077 67
80 1.7 9619.238798253677 4469.004108095459 21892.549072265625 818.599853515625 8489.786695263052 79
90 1.6 10637.185424804688 5932.614294793324 24220.614990234375 818.599853515625 8689.793838500975 96
100 1.7 9937.756778492647 5173.640500167274 24220.614990234375 795.840087890625 8967.992636544363 112
110 3 9210.793090820314 5069.738149915644 26134.666015625 795.840087890625 9095.791011839874 129
120 2.8 9050.761901855469 4787.4572566833585 26134.666015625 795.840087890625 9117.489517307882 159
130 2.5 8922.582685546875 4208.86998697501 26134.666015625 795.840087890625 9107.498216598431 187
140 4 10396.125354003907 6548.383257766521 28028.919921875 605.7060546875 9085.692139823484 212
150 3.3 11892.895426432291 6848.840786622069 28028.919921875 605.7060546875 9293.697411915615 252
160 3.2 14338.458145141602 3448.675282526456 28028.919921875 605.7060546875 9594.657182017545 285
170 4.2 21161.52418154762 3339.765757668983 31703.949951171875 605.7060546875 10073.52667987234 317
180 5.2 25159.414743276735 5907.310643719574 38927.117919921875 143.59716796875 11370.729730207611 359
190 9 22890.991997612855 8880.271312935574 39260.94384765625 143.59716796875 13115.283551812465 411
200 14.5 20704.54194841056 10324.595026239018 59083.31982421875 133.256103515625 14871.398841477205 501
210 13.4 25885.555822571714 8916.808539420445 59083.31982421875 133.256103515625 16180.695668884848 646
