0 159.35625 159.35625
10 265.8953125 425.2515625
20 393.68984375 818.94140625
30 774.7546875 1593.69609375
40 334.01484375 1927.7109375
50 974.05546875 2901.76640625
60 830.02421875 3731.790625
70 1372.32578125 5104.11640625
80 1122.2453125 6226.36171875
90 1080.7484375 7307.11015625
100 1552.63359375 8859.74375
110 911.5703125 9771.3140625
120 1072.02421875 10843.33828125
130 1502.821875 12346.16015625
140 1405.490625 13751.65078125
150 1250.55859375 15002.209375
160 2049.83671875 17052.04609375
170 2335.603125 19387.64921875
180 1854.028125 21241.67734375
190 2291.0546875 23532.73203125
200 1937.64609375 25470.378125
210 1850.56796875 27320.94609375
220 951.8109375 28272.75703125
230 1749.1453125 30021.90234375
240 1749.1921875 31771.09453125
250 1019.028125 32790.12265625
260 1062.215625 33852.33828125
270 679.68046875 34532.01875
280 438.7078125 34970.7265625
290 1175.9390625 36146.665625
294 0 36146.665625
