0 7.82109375 7.82109375
10 28.04765625 35.86875
20 33.89140625 69.76015625
30 36.6328125 106.39296875
40 36.38984375 142.7828125
50 49.93515625 192.71796875
60 46.9734375 239.69140625
70 83.040625 322.73203125
80 65.70625 388.43828125
90 91.68984375 480.128125
100 74.9421875 555.0703125
110 81.7203125 636.790625
120 72.85546875 709.64609375
130 105.38046875 815.0265625
140 124.72421875 939.75078125
150 118.54296875 1058.29375
160 122.53828125 1180.83203125
170 156.00234375 1336.834375
180 250.37421875 1587.20859375
190 431.13046875 2018.3390625
200 521.14921875 2539.48828125
210 418.5640625 2958.05234375
220 202.2015625 3160.25390625
230 151.375 3311.62890625
240 108.85390625 3420.4828125
250 80.04453125 3500.52734375
260 52.896875 3553.42421875
270 34.740625 3588.16484375
280 32.01953125 3620.184375
290 4.8390625 3625.0234375
294 0 3625.0234375
